   0.00000000       0.00000000       1.00000000    
   9.99999978E-03   9.99999978E-03  0.935800016    
   1.99999996E-02   1.93579998E-02  0.874721646    
   2.99999993E-02   2.81052161E-02  0.816628695    
   3.99999991E-02   3.62715051E-02  0.761390626    
   4.99999970E-02   4.38854098E-02  0.708882213    
   5.99999949E-02   5.09742312E-02  0.658983409    
   6.99999928E-02   5.75640649E-02  0.611579239    
   7.99999908E-02   6.36798590E-02  0.566559434    
   8.99999887E-02   6.93454519E-02  0.523818314    
   9.99999866E-02   7.45836347E-02  0.483254641    
  0.109999985       7.94161782E-02  0.444771320    
  0.119999982       8.38638917E-02  0.408275366    
  0.129999980       8.79466459E-02  0.373677701    
  0.139999986       9.16834250E-02  0.340892941    
  0.149999991       9.50923562E-02  0.309839278    
  0.159999996       9.81907472E-02  0.280438364    
  0.170000002      0.100995131      0.252615154    
  0.180000007      0.103521280      0.226297751    
  0.190000013      0.105784260      0.201417312    
  0.200000018      0.107798435      0.177907899    
  0.210000023      0.109577514      0.155706376    
  0.220000029      0.111134581      0.134752274    
  0.230000034      0.112482101      0.114987716    
  0.240000039      0.113631979       9.63572934E-02
  0.250000030      0.114595555       7.88079575E-02
  0.260000020      0.115383632       6.22889325E-02
  0.270000011      0.116006523       4.67516221E-02
  0.280000001      0.116474040       3.21495160E-02
  0.289999992      0.116795532       1.84381139E-02
  0.299999982      0.116979912       5.57483453E-03
  0.309999973      0.117035657      -6.48105890E-03
  0.319999963      0.116970845      -1.77685395E-02
  0.329999954      0.116793156      -2.83248834E-02
  0.339999944      0.116509907      -3.81857418E-02
  0.349999934      0.116128050      -4.73852083E-02
  0.359999925      0.115654200      -5.59558831E-02
  0.369999915      0.115094639      -6.39289320E-02
  0.379999906      0.114455350      -7.13341609E-02
  0.389999896      0.113742009      -7.82000422E-02
  0.399999887      0.112960011      -8.45538005E-02
  0.409999877      0.112114474      -9.04214457E-02
  0.419999868      0.111210257      -9.58278328E-02
  0.429999858      0.110251978     -0.100796714    
  0.439999849      0.109244011     -0.105350763    
  0.449999839      0.108190507     -0.109511644    
  0.459999830      0.107095391     -0.113300048    
  0.469999820      0.105962388     -0.116735719    
  0.479999810      0.104795031     -0.119837523    
  0.489999801      0.103596658     -0.122623459    
  0.499999791      0.102370426     -0.125110701    
  0.509999812      0.101119317     -0.127315640    
  0.519999802       9.98461619E-02 -0.129253909    
  0.529999793       9.85536203E-02 -0.130940422    
  0.539999783       9.72442180E-02 -0.132389411    
  0.549999774       9.59203243E-02 -0.133614436    
  0.559999764       9.45841819E-02 -0.134628415    
  0.569999754       9.32378992E-02 -0.135443687    
  0.579999745       9.18834656E-02 -0.136071995    
  0.589999735       9.05227438E-02 -0.136524513    
  0.599999726       8.91574994E-02 -0.136811912    
  0.609999716       8.77893791E-02 -0.136944339    
  0.619999707       8.64199325E-02 -0.136931449    
  0.629999697       8.50506201E-02 -0.136782438    
  0.639999688       8.36827978E-02 -0.136506066    
  0.649999678       8.23177397E-02 -0.136110663    
  0.659999669       8.09566304E-02 -0.135604128    
  0.669999659       7.96005875E-02 -0.134994000    
  0.679999650       7.82506466E-02 -0.134287447    
  0.689999640       7.69077688E-02 -0.133491263    
  0.699999630       7.55728558E-02 -0.132611901    
  0.709999621       7.42467344E-02 -0.131655499    
  0.719999611       7.29301795E-02 -0.130627885    
  0.729999602       7.16238990E-02 -0.129534587    
  0.739999592       7.03285560E-02 -0.128380850    
  0.749999583       6.90447465E-02 -0.127171651    
  0.759999573       6.77730292E-02 -0.125911713    
  0.769999564       6.65139109E-02 -0.124605484    
  0.779999554       6.52678534E-02 -0.123257205    
  0.789999545       6.40352815E-02 -0.121870875    
  0.799999535       6.28165752E-02 -0.120450296    
  0.809999526       6.16120733E-02 -0.118999042    
  0.819999516       6.04220815E-02 -0.117520511    
  0.829999506       5.92468753E-02 -0.116017900    
  0.839999497       5.80866970E-02 -0.114494242    
  0.849999487       5.69417551E-02 -0.112952381    
  0.859999478       5.58122322E-02 -0.111395016    
  0.869999468       5.46982810E-02 -0.109824680    
  0.879999459       5.36000356E-02 -0.108243763    
  0.889999449       5.25175966E-02 -0.106654517    
  0.899999440       5.14510497E-02 -0.105059057    
  0.909999430       5.04004583E-02 -0.103459373    
  0.919999421       4.93658632E-02 -0.101857327    
  0.929999411       4.83472906E-02 -0.100254670    
  0.939999402       4.73447442E-02  -9.86530483E-02
  0.949999392       4.63582128E-02  -9.70539972E-02
  0.959999382       4.53876741E-02  -9.54589546E-02
  0.969999373       4.44330834E-02  -9.38692540E-02
  0.979999363       4.34943922E-02  -9.22861546E-02
  0.989999354       4.25715297E-02  -9.07108262E-02
  0.999999344       4.16644216E-02  -8.91443416E-02
   1.00999939       4.07729782E-02  -8.75877142E-02
   1.01999938       3.98971029E-02  -8.60418826E-02
   1.02999938       3.90366837E-02  -8.45077038E-02
   1.03999937       3.81916054E-02  -8.29859748E-02
   1.04999936       3.73617448E-02  -8.14774334E-02
   1.05999935       3.65469716E-02  -7.99827576E-02
   1.06999934       3.57471444E-02  -7.85025582E-02
   1.07999933       3.49621177E-02  -7.70374089E-02
   1.08999932       3.41917425E-02  -7.55878165E-02
   1.09999931       3.34358662E-02  -7.41542503E-02
   1.10999930       3.26943249E-02  -7.27371350E-02
   1.11999929       3.19669545E-02  -7.13368431E-02
   1.12999928       3.12535875E-02  -6.99537098E-02
   1.13999927       3.05540506E-02  -6.85880408E-02
   1.14999926       2.98681706E-02  -6.72400966E-02
   1.15999925       2.91957706E-02  -6.59101009E-02
   1.16999924       2.85366699E-02  -6.45982474E-02
   1.17999923       2.78906878E-02  -6.33047074E-02
   1.18999922       2.72576399E-02  -6.20296150E-02
   1.19999921       2.66373437E-02  -6.07730784E-02
   1.20999920       2.60296129E-02  -5.95351830E-02
   1.21999919       2.54342612E-02  -5.83159849E-02
   1.22999918       2.48511005E-02  -5.71155250E-02
   1.23999918       2.42799446E-02  -5.59338182E-02
   1.24999917       2.37206072E-02  -5.47708608E-02
   1.25999916       2.31728982E-02  -5.36266305E-02
   1.26999915       2.26366315E-02  -5.25010899E-02
   1.27999914       2.21116208E-02  -5.13941832E-02
   1.28999913       2.15976797E-02  -5.03058396E-02
   1.29999912       2.10946221E-02  -4.92359735E-02
   1.30999911       2.06022616E-02  -4.81844880E-02
   1.31999910       2.01204158E-02  -4.71512713E-02
   1.32999909       1.96489040E-02  -4.61362004E-02
   1.33999908       1.91875417E-02  -4.51391451E-02
   1.34999907       1.87361501E-02  -4.41599675E-02
   1.35999906       1.82945505E-02  -4.31985110E-02
   1.36999905       1.78625658E-02  -4.22546230E-02
   1.37999904       1.74400192E-02  -4.13281322E-02
   1.38999903       1.70267373E-02  -4.04188670E-02
   1.39999902       1.66225489E-02  -3.95266488E-02
   1.40999901       1.62272826E-02  -3.86512913E-02
   1.41999900       1.58407688E-02  -3.77926081E-02
   1.42999899       1.54628428E-02  -3.69503982E-02
   1.43999898       1.50933387E-02  -3.61244678E-02
   1.44999897       1.47320945E-02  -3.53146121E-02
   1.45999897       1.43789481E-02  -3.45206223E-02
   1.46999896       1.40337422E-02  -3.37422937E-02
   1.47999895       1.36963194E-02  -3.29794139E-02
   1.48999894       1.33665251E-02  -3.22317667E-02
   1.49999893       1.30442074E-02  -3.14991400E-02
   1.50999892       1.27292164E-02  -3.07813156E-02
   1.51999891       1.24214031E-02  -3.00780758E-02
   1.52999890       1.21206222E-02  -2.93892045E-02
   1.53999889       1.18267303E-02  -2.87144799E-02
   1.54999888       1.15395859E-02  -2.80536842E-02
   1.55999887       1.12590492E-02  -2.74065956E-02
   1.56999886       1.09849833E-02  -2.67729964E-02
   1.57999885       1.07172532E-02  -2.61526685E-02
   1.58999884       1.04557266E-02  -2.55453922E-02
   1.59999883       1.02002723E-02  -2.49509513E-02
   1.60999882       9.95076261E-03  -2.43691280E-02
   1.61999881       9.70707089E-03  -2.37997063E-02
   1.62999880       9.46907420E-03  -2.32424717E-02
   1.63999879       9.23664961E-03  -2.26972122E-02
   1.64999878       9.00967792E-03  -2.21637152E-02
   1.65999877       8.78804084E-03  -2.16417722E-02
   1.66999876       8.57162289E-03  -2.11311746E-02
   1.67999876       8.36031139E-03  -2.06317157E-02
   1.68999875       8.15399457E-03  -2.01431904E-02
   1.69999874       7.95256253E-03  -1.96653977E-02
   1.70999873       7.75590865E-03  -1.91981345E-02
   1.71999872       7.56392721E-03  -1.87412053E-02
   1.72999871       7.37651531E-03  -1.82944126E-02
   1.73999870       7.19357096E-03  -1.78575628E-02
   1.74999869       7.01499544E-03  -1.74304638E-02
   1.75999868       6.84069097E-03  -1.70129277E-02
   1.76999867       6.67056162E-03  -1.66047662E-02
   1.77999866       6.50451379E-03  -1.62057970E-02
   1.78999865       6.34245574E-03  -1.58158354E-02
   1.79999864       6.18429761E-03  -1.54347047E-02
   1.80999863       6.02995045E-03  -1.50622260E-02
   1.81999862       5.87932812E-03  -1.46982260E-02
   1.82999861       5.73234586E-03  -1.43425325E-02
   1.83999860       5.58892032E-03  -1.39949769E-02
   1.84999859       5.44897048E-03  -1.36553915E-02
   1.85999858       5.31241670E-03  -1.33236125E-02
   1.86999857       5.17918076E-03  -1.29994787E-02
   1.87999856       5.04918583E-03  -1.26828300E-02
   1.88999856       4.92235739E-03  -1.23735107E-02
   1.89999855       4.79862234E-03  -1.20713674E-02
   1.90999854       4.67790850E-03  -1.17762480E-02
   1.91999853       4.56014602E-03  -1.14880037E-02
   1.92999852       4.44526598E-03  -1.12064881E-02
   1.93999851       4.33320086E-03  -1.09315580E-02
   1.94999850       4.22388548E-03  -1.06630716E-02
   1.95999849       4.11725463E-03  -1.04008913E-02
   1.96999848       4.01324593E-03  -1.01448800E-02
   1.97999847       3.91179696E-03  -9.89490375E-03
   1.98999846       3.81284789E-03  -9.65083018E-03
   1.99999845       3.71633959E-03  -9.41253174E-03
   2.00999856       3.62221431E-03  -9.17988084E-03
   2.01999855       3.53041547E-03  -8.95275362E-03
   2.02999854       3.44088790E-03  -8.73102807E-03
   2.03999853       3.35357757E-03  -8.51458497E-03
   2.04999852       3.26843164E-03  -8.30330607E-03
   2.05999851       3.18539864E-03  -8.09707679E-03
   2.06999850       3.10442783E-03  -7.89578445E-03
   2.07999849       3.02547007E-03  -7.69931776E-03
   2.08999848       2.94847693E-03  -7.50756869E-03
   2.09999847       2.87340116E-03  -7.32043060E-03
   2.10999846       2.80019687E-03  -7.13779917E-03
   2.11999846       2.72881892E-03  -6.95957197E-03
   2.12999845       2.65922328E-03  -6.78564934E-03
   2.13999844       2.59136688E-03  -6.61593303E-03
   2.14999843       2.52520759E-03  -6.45032665E-03
   2.15999842       2.46070442E-03  -6.28873659E-03
   2.16999841       2.39781709E-03  -6.13107020E-03
   2.17999840       2.33650650E-03  -5.97723713E-03
   2.18999839       2.27673422E-03  -5.82714938E-03
   2.19999838       2.21846276E-03  -5.68071986E-03
   2.20999837       2.16165558E-03  -5.53786382E-03
   2.21999836       2.10627704E-03  -5.39849838E-03
   2.22999835       2.05229199E-03  -5.26254252E-03
   2.23999834       1.99966668E-03  -5.12991659E-03
   2.24999833       1.94836757E-03  -5.00054285E-03
   2.25999832       1.89836218E-03  -4.87434492E-03
   2.26999831       1.84961874E-03  -4.75124829E-03
   2.27999830       1.80210627E-03  -4.63117985E-03
   2.28999829       1.75579451E-03  -4.51406883E-03
   2.29999828       1.71065377E-03  -4.39984491E-03
   2.30999827       1.66665530E-03  -4.28844010E-03
   2.31999826       1.62377092E-03  -4.17978782E-03
   2.32999825       1.58197305E-03  -4.07382241E-03
   2.33999825       1.54123479E-03  -3.97048052E-03
   2.34999824       1.50152994E-03  -3.86969908E-03
   2.35999823       1.46283291E-03  -3.77141731E-03
   2.36999822       1.42511877E-03  -3.67557560E-03
   2.37999821       1.38836296E-03  -3.58211552E-03
   2.38999820       1.35254185E-03  -3.49098002E-03
   2.39999819       1.31763204E-03  -3.40211322E-03
   2.40999818       1.28361094E-03  -3.31546087E-03
   2.41999817       1.25045632E-03  -3.23096942E-03
   2.42999816       1.21814664E-03  -3.14858672E-03
   2.43999815       1.18666072E-03  -3.06826201E-03
   2.44999814       1.15597807E-03  -2.98994570E-03
   2.45999813       1.12607866E-03  -2.91358912E-03
   2.46999812       1.09694281E-03  -2.83914455E-03
   2.47999811       1.06855133E-03  -2.76656565E-03
   2.48999810       1.04088569E-03  -2.69580726E-03
   2.49999809       1.01392763E-03  -2.62682512E-03
   2.50999808       9.87659325E-04  -2.55957572E-03
   2.51999807       9.62063554E-04  -2.49401690E-03
   2.52999806       9.37123375E-04  -2.43010744E-03
   2.53999805       9.12822317E-04  -2.36780685E-03
   2.54999804       8.89144256E-04  -2.30707577E-03
   2.55999804       8.66073475E-04  -2.24787602E-03
   2.56999803       8.43594724E-04  -2.19016965E-03
   2.57999802       8.21693044E-04  -2.13392032E-03
   2.58999801       8.00353824E-04  -2.07909197E-03
   2.59999800       7.79562921E-04  -2.02564965E-03
   2.60999799       7.59306422E-04  -1.97355915E-03
   2.61999798       7.39570823E-04  -1.92278728E-03
   2.62999797       7.20342970E-04  -1.87330146E-03
   2.63999796       7.01609941E-04  -1.82506978E-03
   2.64999795       6.83359220E-04  -1.77806127E-03
   2.65999794       6.65578584E-04  -1.73224567E-03
   2.66999793       6.48256100E-04  -1.68759341E-03
   2.67999792       6.31380186E-04  -1.64407550E-03
   2.68999791       6.14939432E-04  -1.60166388E-03
   2.69999790       5.98922779E-04  -1.56033097E-03
   2.70999789       5.83319459E-04  -1.52004999E-03
   2.71999788       5.68118936E-04  -1.48079474E-03
   2.72999787       5.53310965E-04  -1.44253962E-03
   2.73999786       5.38885593E-04  -1.40525971E-03
   2.74999785       5.24832984E-04  -1.36893056E-03
   2.75999784       5.11143706E-04  -1.33352855E-03
   2.76999784       4.97808447E-04  -1.29903038E-03
   2.77999783       4.84818156E-04  -1.26541348E-03
   2.78999782       4.72164014E-04  -1.23265572E-03
   2.79999781       4.59837465E-04  -1.20073557E-03
   2.80999780       4.47830098E-04  -1.16963207E-03
   2.81999779       4.36133763E-04  -1.13932474E-03
   2.82999778       4.24740516E-04  -1.10979343E-03
   2.83999777       4.13642585E-04  -1.08101871E-03
   2.84999776       4.02832404E-04  -1.05298159E-03
   2.85999775       3.92302580E-04  -1.02566346E-03
   2.86999774       3.82045953E-04  -9.99046140E-04
   2.87999773       3.72055481E-04  -9.73111950E-04
   2.88999772       3.62324354E-04  -9.47843713E-04
   2.89999771       3.52845906E-04  -9.23224608E-04
   2.90999770       3.43613647E-04  -8.99238163E-04
   2.91999769       3.34621262E-04  -8.75868427E-04
   2.92999768       3.25862580E-04  -8.53099802E-04
   2.93999767       3.17331578E-04  -8.30917037E-04
   2.94999766       3.09022405E-04  -8.09305348E-04
   2.95999765       3.00929358E-04  -7.88250181E-04
   2.96999764       2.93046847E-04  -7.67737452E-04
   2.97999763       2.85369460E-04  -7.47753365E-04
   2.98999763       2.77891930E-04  -7.28284533E-04
   2.99999762       2.70609075E-04  -7.09317857E-04
   3.00999761       2.63515889E-04  -6.90840534E-04
   3.01999760       2.56607484E-04  -6.72840164E-04
   3.02999759       2.49879085E-04  -6.55304582E-04
   3.03999758       2.43326038E-04  -6.38221914E-04
   3.04999757       2.36943815E-04  -6.21580693E-04
   3.05999756       2.30728008E-04  -6.05369569E-04
   3.06999755       2.24674310E-04  -5.89577656E-04
   3.07999754       2.18778529E-04  -5.74194186E-04
   3.08999753       2.13036590E-04  -5.59208798E-04
   3.09999752       2.07444507E-04  -5.44611248E-04
   3.10999751       2.01998395E-04  -5.30391640E-04
   3.11999750       1.96694484E-04  -5.16540313E-04
   3.12999749       1.91529078E-04  -5.03047893E-04
   3.13999748       1.86498597E-04  -4.89905127E-04
   3.14999747       1.81599549E-04  -4.77103080E-04
   3.15999746       1.76828515E-04  -4.64633020E-04
   3.16999745       1.72182190E-04  -4.52486420E-04
   3.17999744       1.67657330E-04  -4.40655014E-04
   3.18999743       1.63250777E-04  -4.29130683E-04
   3.19999743       1.58959476E-04  -4.17905569E-04
   3.20999742       1.54780428E-04  -4.06971987E-04
   3.21999741       1.50710708E-04  -3.96322430E-04
   3.22999740       1.46747479E-04  -3.85949592E-04
   3.23999739       1.42887977E-04  -3.75846372E-04
   3.24999738       1.39129508E-04  -3.66005843E-04
   3.25999737       1.35469454E-04  -3.56421224E-04
   3.26999736       1.31905239E-04  -3.47085937E-04
   3.27999735       1.28434374E-04  -3.37993552E-04
   3.28999734       1.25054445E-04  -3.29137809E-04
   3.29999733       1.21763063E-04  -3.20512598E-04
   3.30999732       1.18557939E-04  -3.12111981E-04
   3.31999731       1.15436822E-04  -3.03930196E-04
   3.32999730       1.12397523E-04  -2.95961567E-04
   3.33999729       1.09437911E-04  -2.88200594E-04
   3.34999728       1.06555904E-04  -2.80641892E-04
   3.35999727       1.03749488E-04  -2.73280282E-04
   3.36999726       1.01016682E-04  -2.66110641E-04
   3.37999725       9.83555728E-05  -2.59127992E-04
   3.38999724       9.57642915E-05  -2.52327533E-04
   3.39999723       9.32410185E-05  -2.45704548E-04
   3.40999722       9.07839712E-05  -2.39254412E-04
   3.41999722       8.83914254E-05  -2.32972670E-04
   3.42999721       8.60617001E-05  -2.26854972E-04
   3.43999720       8.37931511E-05  -2.20897055E-04
   3.44999719       8.15841777E-05  -2.15094784E-04
   3.45999718       7.94332300E-05  -2.09444115E-04
   3.46999717       7.73387874E-05  -2.03941119E-04
   3.47999716       7.52993728E-05  -1.98581984E-04
   3.48999715       7.33135530E-05  -1.93362954E-04
   3.49999714       7.13799236E-05  -1.88280406E-04
   3.50999713       6.94971168E-05  -1.83330791E-04
   3.51999712       6.76638083E-05  -1.78510672E-04
   3.52999711       6.58787030E-05  -1.73816661E-04
   3.53999710       6.41405350E-05  -1.69245497E-04
   3.54999709       6.24480817E-05  -1.64793993E-04
   3.55999708       6.08001428E-05  -1.60459022E-04
   3.56999707       5.91955541E-05  -1.56237569E-04
   3.57999706       5.76331768E-05  -1.52126668E-04
   3.58999705       5.61119086E-05  -1.48123450E-04
   3.59999704       5.46306728E-05  -1.44225109E-04
   3.60999703       5.31884216E-05  -1.40428921E-04
   3.61999702       5.17841327E-05  -1.36732226E-04
   3.62999701       5.04168092E-05  -1.33132431E-04
   3.63999701       4.90854836E-05  -1.29627006E-04
   3.64999700       4.77892136E-05  -1.26213505E-04
   3.65999699       4.65270787E-05  -1.22889513E-04
   3.66999698       4.52981840E-05  -1.19652716E-04
   3.67999697       4.41016564E-05  -1.16500829E-04
   3.68999696       4.29366482E-05  -1.13431641E-04
   3.69999695       4.18023337E-05  -1.10442998E-04
   3.70999694       4.06979052E-05  -1.07532789E-04
   3.71999693       3.96225769E-05  -1.04698971E-04
   3.72999692       3.85755884E-05  -1.01939557E-04
   3.73999691       3.75561940E-05  -9.92525966E-05
   3.74999690       3.65636697E-05  -9.66361986E-05
   3.75999689       3.55973061E-05  -9.40885220E-05
   3.76999688       3.46564193E-05  -9.16077697E-05
   3.77999687       3.37403399E-05  -8.91921954E-05
   3.78999686       3.28484166E-05  -8.68400894E-05
   3.79999685       3.19800165E-05  -8.45497998E-05
   3.80999684       3.11345175E-05  -8.23197042E-05
   3.81999683       3.03113211E-05  -8.01482311E-05
   3.82999682       2.95098380E-05  -7.80338451E-05
   3.83999681       2.87294988E-05  -7.59750546E-05
   3.84999681       2.79697488E-05  -7.39704046E-05
   3.85999680       2.72300440E-05  -7.20184762E-05
   3.86999679       2.65098588E-05  -7.01178942E-05
   3.87999678       2.58086802E-05  -6.82673126E-05
   3.88999677       2.51260062E-05  -6.64654217E-05
   3.89999676       2.44613511E-05  -6.47109409E-05
   3.90999675       2.38142420E-05  -6.30026334E-05
   3.91999674       2.31842150E-05  -6.13392913E-05
   3.92999673       2.25708227E-05  -5.97197286E-05
   3.93999672       2.19736248E-05  -5.81428030E-05
   3.94999671       2.13921976E-05  -5.66073977E-05
   3.95999670       2.08261245E-05  -5.51124213E-05
   3.96999669       2.02749998E-05  -5.36568150E-05
   3.97999668       1.97384325E-05  -5.22395494E-05
   3.98999667       1.92160369E-05  -5.08596131E-05
   3.99999666       1.87074402E-05  -4.95160311E-05
   4.00999689       1.82122803E-05  -4.82078467E-05
   4.01999712       1.77302027E-05  -4.69341321E-05
   4.02999735       1.72608616E-05  -4.56939815E-05
   4.03999758       1.68039223E-05  -4.44865145E-05
   4.04999781       1.63590576E-05  -4.33108726E-05
   4.05999804       1.59259489E-05  -4.21662189E-05
   4.06999826       1.55042871E-05  -4.10517423E-05
   4.07999849       1.50937694E-05  -3.99666496E-05
   4.08999872       1.46941029E-05  -3.89101660E-05
   4.09999895       1.43050011E-05  -3.78815421E-05
   4.10999918       1.39261856E-05  -3.68800465E-05
   4.11999941       1.35573855E-05  -3.59049664E-05
   4.12999964       1.31983361E-05  -3.49556067E-05
   4.13999987       1.28487800E-05  -3.40312909E-05
   4.15000010       1.25084671E-05  -3.31313604E-05
   4.16000032       1.21771536E-05  -3.22551750E-05
   4.17000055       1.18546022E-05  -3.14021090E-05
   4.18000078       1.15405810E-05  -3.05715548E-05
   4.19000101       1.12348653E-05  -2.97629194E-05
   4.20000124       1.09372359E-05  -2.89756263E-05
   4.21000147       1.06474799E-05  -2.82091150E-05
   4.22000170       1.03653892E-05  -2.74628383E-05
   4.23000193       1.00907610E-05  -2.67362630E-05
   4.24000216       9.82339861E-06  -2.60288707E-05
   4.25000238       9.56311032E-06  -2.53401577E-05
   4.26000261       9.30970873E-06  -2.46696309E-05
   4.27000284       9.06301284E-06  -2.40168119E-05
   4.28000307       8.82284439E-06  -2.33812334E-05
   4.29000330       8.58903240E-06  -2.27624423E-05
   4.30000353       8.36140771E-06  -2.21599967E-05
   4.31000376       8.13980751E-06  -2.15734653E-05
   4.32000399       7.92407263E-06  -2.10024300E-05
   4.33000422       7.71404848E-06  -2.04464814E-05
   4.34000444       7.50958361E-06  -1.99052229E-05
   4.35000467       7.31053160E-06  -1.93782653E-05
   4.36000490       7.11674875E-06  -1.88652339E-05
   4.37000513       6.92809635E-06  -1.83657612E-05
   4.38000536       6.74443891E-06  -1.78794890E-05
   4.39000559       6.56564407E-06  -1.74060697E-05
   4.40000582       6.39158316E-06  -1.69451650E-05
   4.41000605       6.22213156E-06  -1.64964440E-05
   4.42000628       6.05716696E-06  -1.60595846E-05
   4.43000650       5.89657111E-06  -1.56342758E-05
   4.44000673       5.74022852E-06  -1.52202119E-05
   4.45000696       5.58802640E-06  -1.48170975E-05
   4.46000719       5.43985561E-06  -1.44246424E-05
   4.47000742       5.29560930E-06  -1.40425655E-05
   4.48000765       5.15518377E-06  -1.36705939E-05
   4.49000788       5.01847762E-06  -1.33084604E-05
   4.50000811       4.88539308E-06  -1.29559048E-05
   4.51000834       4.75583420E-06  -1.26126752E-05
   4.52000856       4.62970729E-06  -1.22785250E-05
   4.53000879       4.50692187E-06  -1.19532142E-05
   4.54000902       4.38738971E-06  -1.16365100E-05
   4.55000925       4.27102441E-06  -1.13281849E-05
   4.56000948       4.15774275E-06  -1.10280180E-05
   4.57000971       4.04746243E-06  -1.07357937E-05
   4.58000994       3.94010431E-06  -1.04513019E-05
   4.59001017       3.83559109E-06  -1.01743390E-05
   4.60001040       3.73384773E-06  -9.90470562E-06
   4.61001062       3.63480058E-06  -9.64220817E-06
   4.62001085       3.53837845E-06  -9.38665835E-06
   4.63001108       3.44451178E-06  -9.13787244E-06
   4.64001131       3.35313302E-06  -8.89567218E-06
   4.65001154       3.26417626E-06  -8.65988295E-06
   4.66001177       3.17757736E-06  -8.43033649E-06
   4.67001200       3.09327402E-06  -8.20686637E-06
   4.68001223       3.01120531E-06  -7.98931251E-06
   4.69001245       2.93131211E-06  -7.77751939E-06
   4.70001268       2.85353690E-06  -7.57133375E-06
   4.71001291       2.77782351E-06  -7.37060782E-06
   4.72001314       2.70411738E-06  -7.17519697E-06
   4.73001337       2.63236552E-06  -6.98496115E-06
   4.74001360       2.56251587E-06  -6.79976301E-06
   4.75001383       2.49451818E-06  -6.61946979E-06
   4.76001406       2.42832357E-06  -6.44395186E-06
   4.77001429       2.36388405E-06  -6.27308236E-06
   4.78001451       2.30115324E-06  -6.10673897E-06
   4.79001474       2.24008591E-06  -5.94480161E-06
   4.80001497       2.18063792E-06  -5.78715390E-06
   4.81001520       2.12276632E-06  -5.63368258E-06
   4.82001543       2.06642949E-06  -5.48427670E-06
   4.83001566       2.01158673E-06  -5.33882894E-06
   4.84001589       1.95819848E-06  -5.19723471E-06
   4.85001612       1.90622609E-06  -5.05939215E-06
   4.86001635       1.85563215E-06  -4.92520167E-06
   4.87001657       1.80638017E-06  -4.79456685E-06
   4.88001680       1.75843445E-06  -4.66739357E-06
   4.89001703       1.71176055E-06  -4.54359042E-06
   4.90001726       1.66632469E-06  -4.42306782E-06
   4.91001749       1.62209403E-06  -4.30573937E-06
   4.92001772       1.57903662E-06  -4.19152047E-06
   4.93001795       1.53712142E-06  -4.08032838E-06
   4.94001818       1.49631819E-06  -3.97208350E-06
   4.95001841       1.45659737E-06  -3.86670763E-06
   4.96001863       1.41793032E-06  -3.76412481E-06
   4.97001886       1.38028906E-06  -3.66426093E-06
   4.98001909       1.34364643E-06  -3.56704436E-06
   4.99001932       1.30797594E-06  -3.47240484E-06
   5.00001955       1.27325188E-06  -3.38027394E-06
   5.01001978       1.23944915E-06  -3.29058548E-06
   5.02002001       1.20654329E-06  -3.20327490E-06
   5.03002024       1.17451054E-06  -3.11827898E-06
   5.04002047       1.14332772E-06  -3.03553657E-06
   5.05002069       1.11297231E-06  -2.95498785E-06
   5.06002092       1.08342249E-06  -2.87657485E-06
   5.07002115       1.05465676E-06  -2.80024096E-06
   5.08002138       1.02665433E-06  -2.72593115E-06
   5.09002161       9.99395070E-07  -2.65359176E-06
   5.10002184       9.72859198E-07  -2.58317073E-06
   5.11002207       9.47027502E-07  -2.51461711E-06
   5.12002230       9.21881337E-07  -2.44788134E-06
   5.13002253       8.97402515E-07  -2.38291545E-06
   5.14002275       8.73573356E-07  -2.31967260E-06
   5.15002298       8.50376637E-07  -2.25810686E-06
   5.16002321       8.27795589E-07  -2.19817412E-06
   5.17002344       8.05813841E-07  -2.13983094E-06
   5.18002367       7.84415533E-07  -2.08303527E-06
   5.19002390       7.63585206E-07  -2.02774595E-06
   5.20002413       7.43307737E-07  -1.97392319E-06
   5.21002436       7.23568519E-07  -1.92152811E-06
   5.22002459       7.04353226E-07  -1.87052285E-06
   5.23002481       6.85647990E-07  -1.82087058E-06
   5.24002504       6.67439281E-07  -1.77253548E-06
   5.25002527       6.49713911E-07  -1.72548266E-06
   5.26002550       6.32459091E-07  -1.67967801E-06
   5.27002573       6.15662316E-07  -1.63508855E-06
   5.28002596       5.99311420E-07  -1.59168212E-06
   5.29002619       5.83394581E-07  -1.54942722E-06
   5.30002642       5.67900315E-07  -1.50829351E-06
   5.31002665       5.52817369E-07  -1.46825107E-06
   5.32002687       5.38134884E-07  -1.42927104E-06
   5.33002710       5.23842175E-07  -1.39132533E-06
   5.34002733       5.09928896E-07  -1.35438643E-06
   5.35002756       4.96385042E-07  -1.31842773E-06
   5.36002779       4.83200779E-07  -1.28342322E-06
   5.37002802       4.70366558E-07  -1.24934752E-06
   5.38002825       4.57873085E-07  -1.21617609E-06
   5.39002848       4.45711322E-07  -1.18388493E-06
   5.40002871       4.33872486E-07  -1.15245064E-06
   5.41002893       4.22347966E-07  -1.12185057E-06
   5.42002916       4.11129463E-07  -1.09206258E-06
   5.43002939       4.00208847E-07  -1.06306516E-06
   5.44002962       3.89578190E-07  -1.03483728E-06
   5.45002985       3.79229817E-07  -1.00735849E-06
   5.46003008       3.69156226E-07  -9.80609002E-07
   5.47003031       3.59350139E-07  -9.54569487E-07
   5.48003054       3.49804452E-07  -9.29221130E-07
   5.49003077       3.40512230E-07  -9.04545573E-07
   5.50003099       3.31466765E-07  -8.80524965E-07
   5.51003122       3.22661521E-07  -8.57141913E-07
   5.52003145       3.14090101E-07  -8.34379534E-07
   5.53003168       3.05746312E-07  -8.12221401E-07
   5.54003191       2.97624098E-07  -7.90651427E-07
   5.55003214       2.89717576E-07  -7.69654037E-07
   5.56003237       2.82021034E-07  -7.49213996E-07
   5.57003260       2.74528901E-07  -7.29316582E-07
   5.58003283       2.67235748E-07  -7.09947358E-07
   5.59003305       2.60136261E-07  -6.91092282E-07
   5.60003328       2.53225352E-07  -6.72737769E-07
   5.61003351       2.46497962E-07  -6.54870519E-07
   5.62003374       2.39949259E-07  -6.37477626E-07
   5.63003397       2.33574482E-07  -6.20546473E-07
   5.64003420       2.27369014E-07  -6.04064837E-07
   5.65003443       2.21328364E-07  -5.88020782E-07
   5.66003466       2.15448154E-07  -5.72402655E-07
   5.67003489       2.09724121E-07  -5.57199201E-07
   5.68003511       2.04152130E-07  -5.42399448E-07
   5.69003534       1.98728131E-07  -5.27992597E-07
   5.70003557       1.93448201E-07  -5.13968303E-07
   5.71003580       1.88308519E-07  -5.00316332E-07
   5.72003603       1.83305360E-07  -4.87026853E-07
   5.73003626       1.78435087E-07  -4.74090257E-07
   5.74003649       1.73694190E-07  -4.61497166E-07
   5.75003672       1.69079215E-07  -4.49238456E-07
   5.76003695       1.64586837E-07  -4.37305260E-07
   5.77003717       1.60213787E-07  -4.25688938E-07
   5.78003740       1.55956897E-07  -4.14381077E-07
   5.79003763       1.51813083E-07  -4.03373491E-07
   5.80003786       1.47779346E-07  -3.92658222E-07
   5.81003809       1.43852759E-07  -3.82227512E-07
   5.82003832       1.40030480E-07  -3.72073771E-07
   5.83003855       1.36309737E-07  -3.62189695E-07
   5.84003878       1.32687845E-07  -3.52568094E-07
   5.85003901       1.29162160E-07  -3.43202004E-07
   5.86003923       1.25730139E-07  -3.34084660E-07
   5.87003946       1.22389295E-07  -3.25209442E-07
   5.88003969       1.19137198E-07  -3.16569924E-07
   5.89003992       1.15971496E-07  -3.08159855E-07
   5.90004015       1.12889900E-07  -2.99973152E-07
   5.91004038       1.09890166E-07  -2.92003875E-07
   5.92004061       1.06970127E-07  -2.84246255E-07
   5.93004084       1.04127665E-07  -2.76694664E-07
   5.94004107       1.01360719E-07  -2.69343644E-07
   5.95004129       9.86672859E-08  -2.62187854E-07
   5.96004152       9.60454045E-08  -2.55222119E-07
   5.97004175       9.34931847E-08  -2.48441410E-07
   5.98004198       9.10087721E-08  -2.41840780E-07
   5.99004221       8.85903617E-08  -2.35415484E-07
   6.00004244       8.62362057E-08  -2.29160847E-07
   6.01004267       8.39445988E-08  -2.23072334E-07
   6.02004290       8.17138783E-08  -2.17145555E-07
   6.03004313       7.95424242E-08  -2.11376204E-07
   6.04004335       7.74286590E-08  -2.05760088E-07
   6.05004358       7.53710552E-08  -2.00293158E-07
   6.06004381       7.33681205E-08  -1.94971449E-07
   6.07004404       7.14184054E-08  -1.89791095E-07
   6.08004427       6.95204960E-08  -1.84748345E-07
   6.09004450       6.76730139E-08  -1.79839546E-07
   6.10004473       6.58746160E-08  -1.75061146E-07
   6.11004496       6.41240021E-08  -1.70409677E-07
   6.12004519       6.24199075E-08  -1.65881772E-07
   6.13004541       6.07610886E-08  -1.61474148E-07
   6.14004564       5.91463483E-08  -1.57183621E-07
   6.15004587       5.75745105E-08  -1.53007065E-07
   6.16004610       5.60444384E-08  -1.48941467E-07
   6.17004633       5.45550236E-08  -1.44983872E-07
   6.18004656       5.31051860E-08  -1.41131409E-07
   6.19004679       5.16938705E-08  -1.37381292E-07
   6.20004702       5.03200575E-08  -1.33730794E-07
   6.21004725       4.89827485E-08  -1.30177284E-07
   6.22004747       4.76809774E-08  -1.26718177E-07
   6.23004770       4.64137955E-08  -1.23350972E-07
   6.24004793       4.51802862E-08  -1.20073224E-07
   6.25004816       4.39795542E-08  -1.16882553E-07
   6.26004839       4.28107292E-08  -1.13776650E-07
   6.27004862       4.16729620E-08  -1.10753263E-07
   6.28004885       4.05654283E-08  -1.07810202E-07
   6.29004908       3.94873254E-08  -1.04945329E-07
   6.30004930       3.84378716E-08  -1.02156569E-07
   6.31004953       3.74163065E-08  -9.94419054E-08
   6.32004976       3.64218877E-08  -9.67993685E-08
   6.33004999       3.54538940E-08  -9.42270404E-08
   6.34005022       3.45116220E-08  -9.17230523E-08
   6.35005045       3.35943930E-08  -8.92855923E-08
   6.36005068       3.27015357E-08  -8.69128982E-08
   6.37005091       3.18324069E-08  -8.46032435E-08
   6.38005114       3.09863744E-08  -8.23549584E-08
   6.39005136       3.01628234E-08  -8.01664086E-08
   6.40005159       2.93611588E-08  -7.80360097E-08
   6.41005182       2.85807982E-08  -7.59622125E-08
   6.42005205       2.78211765E-08  -7.39435180E-08
   6.43005228       2.70817413E-08  -7.19784623E-08
   6.44005251       2.63619562E-08  -7.00656173E-08
   6.45005274       2.56613006E-08  -6.82035974E-08
   6.46005297       2.49792649E-08  -6.63910598E-08
   6.47005320       2.43153551E-08  -6.46266827E-08
   6.48005342       2.36690880E-08  -6.29091872E-08
   6.49005365       2.30399966E-08  -6.12373228E-08
   6.50005388       2.24276242E-08  -5.96098886E-08
   6.51005411       2.18315250E-08  -5.80256945E-08
   6.52005434       2.12512674E-08  -5.64835965E-08
   6.53005457       2.06864321E-08  -5.49824755E-08
   6.54005480       2.01366070E-08  -5.35212443E-08
   6.55005503       1.96013943E-08  -5.20988408E-08
   6.56005526       1.90804066E-08  -5.07142346E-08
   6.57005548       1.85732638E-08  -4.93664203E-08
   6.58005571       1.80796000E-08  -4.80544209E-08
   6.59005594       1.75990564E-08  -4.67772878E-08
   6.60005617       1.71312831E-08  -4.55340903E-08
   6.61005640       1.66759424E-08  -4.43239294E-08
   6.62005663       1.62327023E-08  -4.31459277E-08
   6.63005686       1.58012430E-08  -4.19992290E-08
   6.64005709       1.53812501E-08  -4.08830019E-08
   6.65005732       1.49724197E-08  -3.97964399E-08
   6.66005754       1.45744554E-08  -3.87387509E-08
   6.67005777       1.41870675E-08  -3.77091673E-08
   6.68005800       1.38099763E-08  -3.67069468E-08
   6.69005823       1.34429072E-08  -3.57313574E-08
   6.70005846       1.30855939E-08  -3.47816957E-08
   6.71005869       1.27377771E-08  -3.38572690E-08
   6.72005892       1.23992043E-08  -3.29574092E-08
   6.73005915       1.20696306E-08  -3.20814628E-08
   6.74005938       1.17488161E-08  -3.12287973E-08
   6.75005960       1.14365282E-08  -3.03987910E-08
   6.76005983       1.11325402E-08  -2.95908418E-08
   6.77006006       1.08366320E-08  -2.88043633E-08
   6.78006029       1.05485887E-08  -2.80387873E-08
   6.79006052       1.02682005E-08  -2.72935559E-08
   6.80006075       9.99526506E-09  -2.65681290E-08
   6.81006098       9.72958336E-09  -2.58619810E-08
   6.82006121       9.47096357E-09  -2.51746002E-08
   6.83006144       9.21921739E-09  -2.45054874E-08
   6.84006166       8.97416275E-09  -2.38541560E-08
   6.85006189       8.73562112E-09  -2.32201351E-08
   6.86006212       8.50342019E-09  -2.26029648E-08
   6.87006235       8.27739033E-09  -2.20021974E-08
   6.88006258       8.05736811E-09  -2.14173959E-08
   6.89006281       7.84319454E-09  -2.08481357E-08
   6.90006304       7.63471331E-09  -2.02940047E-08
   6.91006327       7.43177342E-09  -1.97546015E-08
   6.92006350       7.23422744E-09  -1.92295335E-08
   6.93006372       7.04193193E-09  -1.87184206E-08
   6.94006395       6.85474788E-09  -1.82208915E-08
   6.95006418       6.67253897E-09  -1.77365855E-08
   6.96006441       6.49517329E-09  -1.72651511E-08
   6.97006464       6.32252162E-09  -1.68062453E-08
   6.98006487       6.15445916E-09  -1.63595359E-08
   6.99006510       5.99086381E-09  -1.59246998E-08
   7.00006533       5.83161697E-09  -1.55014206E-08
   7.01006556       5.67660274E-09  -1.50893911E-08
   7.02006578       5.52570878E-09  -1.46883128E-08
   7.03006601       5.37882583E-09  -1.42978944E-08
   7.04006624       5.23584687E-09  -1.39178518E-08
   7.05006647       5.09666842E-09  -1.35479103E-08
   7.06006670       4.96118924E-09  -1.31878011E-08
   7.07006693       4.82931117E-09  -1.28372628E-08
   7.08006716       4.70093875E-09  -1.24960415E-08
   7.09006739       4.57597826E-09  -1.21638895E-08
   7.10006762       4.45433956E-09  -1.18405659E-08
   7.11006784       4.33593383E-09  -1.15258354E-08
   7.12006807       4.22067536E-09  -1.12194698E-08
   7.13006830       4.10848067E-09  -1.09212470E-08
   7.14006853       3.99926803E-09  -1.06309512E-08
   7.15006876       3.89295840E-09  -1.03483710E-08
   7.16006899       3.78947451E-09  -1.00733013E-08
   7.17006922       3.68874153E-09  -9.80554304E-09
   7.18006945       3.59068619E-09  -9.54490176E-09
   7.19006968       3.49523721E-09  -9.29118738E-09
   7.20006990       3.40232531E-09  -9.04421693E-09
   7.21007013       3.31188321E-09  -8.80381101E-09
   7.22007036       3.22384519E-09  -8.56979465E-09
   7.23007059       3.13814730E-09  -8.34199820E-09
   7.24007082       3.05472736E-09  -8.12025647E-09
   7.25007105       2.97352476E-09  -7.90440868E-09
   7.26007128       2.89448066E-09  -7.69429853E-09
   7.27007151       2.81753776E-09  -7.48977236E-09
   7.28007174       2.74264012E-09  -7.29068272E-09
   7.29007196       2.66973332E-09  -7.09688486E-09
   7.30007219       2.59876454E-09  -6.90823798E-09
   7.31007242       2.52968224E-09  -6.72460576E-09
   7.32007265       2.46243625E-09  -6.54585453E-09
   7.33007288       2.39697773E-09  -6.37185416E-09
   7.34007311       2.33325914E-09  -6.20247897E-09
   7.35007334       2.27123431E-09  -6.03760553E-09
   7.36007357       2.21085816E-09  -5.87711479E-09
   7.37007380       2.15208695E-09  -5.72088998E-09
   7.38007402       2.09487805E-09  -5.56881741E-09
   7.39007425       2.03918993E-09  -5.42078737E-09
   7.40007448       1.98498196E-09  -5.27669197E-09
   7.41007471       1.93221505E-09  -5.13642640E-09
   7.42007494       1.88085081E-09  -4.99988939E-09
   7.43007517       1.83085191E-09  -4.86698148E-09
   7.44007540       1.78218207E-09  -4.73760631E-09
   7.45007563       1.73480597E-09  -4.61167016E-09
   7.46007586       1.68868930E-09  -4.48908155E-09
   7.47007608       1.64379843E-09  -4.36975123E-09
   7.48007631       1.60010094E-09  -4.25359303E-09
   7.49007654       1.55756497E-09  -4.14052259E-09
   7.50007677       1.51615975E-09  -4.03045775E-09
   7.51007700       1.47585522E-09  -3.92331811E-09
   7.52007723       1.43662204E-09  -3.81902643E-09
   7.53007746       1.39843181E-09  -3.71750719E-09
   7.54007769       1.36125677E-09  -3.61868646E-09
   7.55007792       1.32506994E-09  -3.52249252E-09
   7.56007814       1.28984501E-09  -3.42885542E-09
   7.57007837       1.25555644E-09  -3.33770744E-09
   7.58007860       1.22217936E-09  -3.24898219E-09
   7.59007883       1.18968957E-09  -3.16261550E-09
   7.60007906       1.15806342E-09  -3.07854453E-09
   7.61007929       1.12727794E-09  -2.99670821E-09
   7.62007952       1.09731091E-09  -2.91704727E-09
   7.63007975       1.06814046E-09  -2.83950397E-09
   7.64007998       1.03974540E-09  -2.76402190E-09
   7.65008020       1.01210518E-09  -2.69054623E-09
   7.66008043       9.85199700E-10  -2.61902366E-09
   7.67008066       9.59009427E-10  -2.54940224E-09
   7.68008089       9.33515376E-10  -2.48163157E-09
   7.69008112       9.08699060E-10  -2.41566234E-09
   7.70008135       8.84542439E-10  -2.35144682E-09
   7.71008158       8.61027971E-10  -2.28893815E-09
   7.72008181       8.38138614E-10  -2.22809104E-09
   7.73008204       8.15857715E-10  -2.16886153E-09
   7.74008226       7.94169119E-10  -2.11120632E-09
   7.75008249       7.73057063E-10  -2.05508388E-09
   7.76008272       7.52506224E-10  -2.00045314E-09
   7.77008295       7.32501670E-10  -1.94727456E-09
   7.78008318       7.13028914E-10  -1.89550975E-09
   7.79008341       6.94073798E-10  -1.84512094E-09
   7.80008364       6.75622613E-10  -1.79607151E-09
   7.81008387       6.57661925E-10  -1.74832593E-09
   7.82008410       6.40178688E-10  -1.70184955E-09
   7.83008432       6.23160190E-10  -1.65660863E-09
   7.84008455       6.06594108E-10  -1.61257041E-09
   7.85008478       5.90468396E-10  -1.56970281E-09
   7.86008501       5.74771342E-10  -1.52797475E-09
   7.87008524       5.59491620E-10  -1.48735591E-09
   7.88008547       5.44618073E-10  -1.44781687E-09
   7.89008570       5.30139932E-10  -1.40932888E-09
   7.90008593       5.16046650E-10  -1.37186396E-09
   7.91008615       5.02328013E-10  -1.33539491E-09
   7.92008638       4.88974083E-10  -1.29989530E-09
   7.93008661       4.75975148E-10  -1.26533939E-09
   7.94008684       4.63321742E-10  -1.23170207E-09
   7.95008707       4.51004734E-10  -1.19895893E-09
   7.96008730       4.39015158E-10  -1.16708621E-09
   7.97008753       4.27344299E-10  -1.13606080E-09
   7.98008776       4.15983692E-10  -1.10586007E-09
   7.99008799       4.04925093E-10  -1.07646225E-09
   8.00008774       3.94160482E-10  -1.04784592E-09
   8.01008797       3.83682031E-10  -1.01999031E-09
   8.02008820       3.73482134E-10  -9.92875115E-10
   8.03008842       3.63553382E-10  -9.66480784E-10
   8.04008865       3.53888585E-10  -9.40788003E-10
   8.05008888       3.44480694E-10  -9.15778287E-10
   8.06008911       3.35322908E-10  -8.91433372E-10
   8.07008934       3.26408567E-10  -8.67735661E-10
   8.08008957       3.17731202E-10  -8.44667891E-10
   8.09008980       3.09284515E-10  -8.22213353E-10
   8.10009003       3.01062369E-10  -8.00355726E-10
   8.11009026       2.93058799E-10  -7.79079135E-10
   8.12009048       2.85268004E-10  -7.58368146E-10
   8.13009071       2.77684320E-10  -7.38207717E-10
   8.14009094       2.70302253E-10  -7.18583193E-10
   8.15009117       2.63116418E-10  -6.99480363E-10
   8.16009140       2.56121624E-10  -6.80885348E-10
   8.17009163       2.49312765E-10  -6.62784660E-10
   8.18009186       2.42684928E-10  -6.45165144E-10
   8.19009209       2.36233283E-10  -6.28014030E-10
   8.20009232       2.29953140E-10  -6.11318884E-10
   8.21009254       2.23839947E-10  -5.95067551E-10
   8.22009277       2.17889276E-10  -5.79248205E-10
   8.23009300       2.12096798E-10  -5.63849412E-10
   8.24009323       2.06458309E-10  -5.48859957E-10
   8.25009346       2.00969713E-10  -5.34268962E-10
   8.26009369       1.95627028E-10  -5.20065879E-10
   8.27009392       1.90426369E-10  -5.06240327E-10
   8.28009415       1.85363960E-10  -4.92782315E-10
   8.29009438       1.80436138E-10  -4.79682072E-10
   8.30009460       1.75639323E-10  -4.66930106E-10
   8.31009483       1.70970016E-10  -4.54517118E-10
   8.32009506       1.66424846E-10  -4.42434117E-10
   8.33009529       1.62000510E-10  -4.30672331E-10
   8.34009552       1.57693789E-10  -4.19223212E-10
   8.35009575       1.53501559E-10  -4.08078460E-10
   8.36009598       1.49420781E-10  -3.97229971E-10
   8.37009621       1.45448487E-10  -3.86669891E-10
   8.38009644       1.41581788E-10  -3.76390530E-10
   8.39009666       1.37817882E-10  -3.66384423E-10
   8.40009689       1.34154035E-10  -3.56644325E-10
   8.41009712       1.30587596E-10  -3.47163159E-10
   8.42009735       1.27115971E-10  -3.37934042E-10
   8.43009758       1.23736632E-10  -3.28950284E-10
   8.44009781       1.20447124E-10  -3.20205334E-10
   8.45009804       1.17245075E-10  -3.11692866E-10
   8.46009827       1.14128144E-10  -3.03406689E-10
   8.47009850       1.11094078E-10  -2.95340807E-10
   8.48009872       1.08140670E-10  -2.87489338E-10
   8.49009895       1.05265775E-10  -2.79846590E-10
   8.50009918       1.02467312E-10  -2.72407014E-10
   8.51009941       9.97432414E-11  -2.65165223E-10
   8.52009964       9.70915917E-11  -2.58115945E-10
   8.53009987       9.45104342E-11  -2.51254073E-10
   8.54010010       9.19978954E-11  -2.44574611E-10
   8.55010033       8.95521504E-11  -2.38072700E-10
   8.56010056       8.71714229E-11  -2.31743652E-10
   8.57010078       8.48539849E-11  -2.25582858E-10
   8.58010101       8.25981575E-11  -2.19585836E-10
   8.59010124       8.04022959E-11  -2.13748241E-10
   8.60010147       7.82648113E-11  -2.08065828E-10
   8.61010170       7.61841562E-11  -2.02534489E-10
   8.62010193       7.41588110E-11  -1.97150185E-10
   8.63010216       7.21873117E-11  -1.91909030E-10
   8.64010239       7.02682218E-11  -1.86807209E-10
   8.65010262       6.84001467E-11  -1.81841014E-10
   8.66010284       6.65817332E-11  -1.77006840E-10
   8.67010307       6.48116630E-11  -1.72301173E-10
   8.68010330       6.30886524E-11  -1.67720601E-10
   8.69010353       6.14114454E-11  -1.63261807E-10
   8.70010376       5.97788277E-11  -1.58921543E-10
   8.71010399       5.81896129E-11  -1.54696658E-10
   8.72010422       5.66426454E-11  -1.50584101E-10
   8.73010445       5.51368048E-11  -1.46580872E-10
   8.74010468       5.36709947E-11  -1.42684059E-10
   8.75010490       5.22441534E-11  -1.38890843E-10
   8.76010513       5.08552436E-11  -1.35198464E-10
   8.77010536       4.95032591E-11  -1.31604241E-10
   8.78010559       4.81872181E-11  -1.28105582E-10
   8.79010582       4.69061630E-11  -1.24699931E-10
   8.80010605       4.56591639E-11  -1.21384805E-10
   8.81010628       4.44453155E-11  -1.18157817E-10
   8.82010651       4.32637363E-11  -1.15016614E-10
   8.83010674       4.21135696E-11  -1.11958921E-10
   8.84010696       4.09939790E-11  -1.08982517E-10
   8.85010719       3.99041529E-11  -1.06085238E-10
   8.86010742       3.88433001E-11  -1.03264980E-10
   8.87010765       3.78106504E-11  -1.00519697E-10
   8.88010788       3.68054545E-11  -9.78473969E-11
   8.89010811       3.58269803E-11  -9.52461374E-11
   8.90010834       3.48745199E-11  -9.27140309E-11
   8.91010857       3.39473796E-11  -9.02492386E-11
   8.92010880       3.30448863E-11  -8.78499773E-11
   8.93010902       3.21663876E-11  -8.55144983E-11
   8.94010925       3.13112418E-11  -8.32411085E-11
   8.95010948       3.04788313E-11  -8.10281564E-11
   8.96010971       2.96685489E-11  -7.88740323E-11
   8.97010994       2.88798083E-11  -7.67771749E-11
   8.98011017       2.81120370E-11  -7.47360646E-11
   8.99011040       2.73646765E-11  -7.27492094E-11
   9.00011063       2.66371838E-11  -7.08151801E-11
   9.01011086       2.59290315E-11  -6.89325610E-11
   9.02011108       2.52397062E-11  -6.70999922E-11
   9.03011131       2.45687064E-11  -6.53161414E-11
   9.04011154       2.39155449E-11  -6.35797179E-11
   9.05011177       2.32797479E-11  -6.18894519E-11
   9.06011200       2.26608541E-11  -6.02441222E-11
   9.07011223       2.20584124E-11  -5.86425353E-11
   9.08011246       2.14719874E-11  -5.70835254E-11
   9.09011269       2.09011523E-11  -5.55659616E-11
   9.10011292       2.03454927E-11  -5.40887404E-11
   9.11011314       1.98046059E-11  -5.26507934E-11
   9.12011337       1.92780982E-11  -5.12510728E-11
   9.13011360       1.87655880E-11  -4.98885655E-11
   9.14011383       1.82667024E-11  -4.85622792E-11
   9.15011406       1.77810804E-11  -4.72712529E-11
   9.16011429       1.73083683E-11  -4.60145463E-11
   9.17011452       1.68482225E-11  -4.47912506E-11
   9.18011475       1.64003099E-11  -4.36004739E-11
   9.19011497       1.59643045E-11  -4.24413560E-11
   9.20011520       1.55398906E-11  -4.13130502E-11
   9.21011543       1.51267592E-11  -4.02147413E-11
   9.22011566       1.47246122E-11  -3.91456312E-11
   9.23011589       1.43331562E-11  -3.81049428E-11
   9.24011612       1.39521068E-11  -3.70919198E-11
   9.25011635       1.35811874E-11  -3.61058301E-11
   9.26011658       1.32201290E-11  -3.51459556E-11
   9.27011681       1.28686697E-11  -3.42115988E-11
   9.28011703       1.25265536E-11  -3.33020798E-11
   9.29011726       1.21935326E-11  -3.24167429E-11
   9.30011749       1.18693649E-11  -3.15549427E-11
   9.31011772       1.15538152E-11  -3.07160512E-11
   9.32011795       1.12466546E-11  -2.98994614E-11
   9.33011818       1.09476603E-11  -2.91045799E-11
   9.34011841       1.06566145E-11  -2.83308325E-11
   9.35011864       1.03733064E-11  -2.75776537E-11
   9.36011887       1.00975296E-11  -2.68444988E-11
   9.37011909       9.82908459E-12  -2.61308353E-11
   9.38011932       9.56777626E-12  -2.54361445E-11
   9.39011955       9.31341462E-12  -2.47599215E-11
   9.40011978       9.06581581E-12  -2.41016755E-11
   9.41012001       8.82479940E-12  -2.34609294E-11
   9.42012024       8.59019019E-12  -2.28372182E-11
   9.43012047       8.36181818E-12  -2.22300876E-11
   9.44012070       8.13951771E-12  -2.16390985E-11
   9.45012093       7.92312656E-12  -2.10638208E-11
   9.46012115       7.71248863E-12  -2.05038365E-11
   9.47012138       7.50745039E-12  -1.99587395E-11
   9.48012161       7.30786265E-12  -1.94281327E-11
   9.49012184       7.11358143E-12  -1.89116327E-11
   9.50012207       6.92446491E-12  -1.84088647E-11
   9.51012230       6.74037649E-12  -1.79194628E-11
   9.52012253       6.56118172E-12  -1.74430713E-11
   9.53012276       6.38675094E-12  -1.69793450E-11
   9.54012299       6.21695750E-12  -1.65279457E-11
   9.55012321       6.05167826E-12  -1.60885472E-11
   9.56012344       5.89079263E-12  -1.56608303E-11
   9.57012367       5.73418439E-12  -1.52444845E-11
   9.58012390       5.58173950E-12  -1.48392063E-11
   9.59012413       5.43334735E-12  -1.44447032E-11
   9.60012436       5.28890039E-12  -1.40606884E-11
   9.61012459       5.14829368E-12  -1.36868824E-11
   9.62012482       5.01142487E-12  -1.33230137E-11
   9.63012505       4.87819464E-12  -1.29688187E-11
   9.64012527       4.74850628E-12  -1.26240398E-11
   9.65012550       4.62226568E-12  -1.22884272E-11
   9.66012573       4.49938134E-12  -1.19617372E-11
   9.67012596       4.37976391E-12  -1.16437320E-11
   9.68012619       4.26332667E-12  -1.13341810E-11
   9.69012642       4.14998504E-12  -1.10328595E-11
   9.70012665       4.03965663E-12  -1.07395481E-11
   9.71012688       3.93226120E-12  -1.04540352E-11
   9.72012711       3.82772069E-12  -1.01761126E-11
   9.73012733       3.72595964E-12  -9.90557809E-12
   9.74012756       3.62690390E-12  -9.64223579E-12
   9.75012779       3.53048146E-12  -9.38589484E-12
   9.76012802       3.43662251E-12  -9.13636874E-12
   9.77012825       3.34525875E-12  -8.89347623E-12
   9.78012848       3.25632403E-12  -8.65704123E-12
   9.79012871       3.16975352E-12  -8.42689113E-12
   9.80012894       3.08548456E-12  -8.20286027E-12
   9.81012917       3.00345599E-12  -7.98478471E-12
   9.82012939       2.92360819E-12  -7.77250746E-12
   9.83012962       2.84588303E-12  -7.56587328E-12
   9.84012985       2.77022437E-12  -7.36473209E-12
   9.85013008       2.69657712E-12  -7.16893862E-12
   9.86013031       2.62488772E-12  -6.97835062E-12
   9.87013054       2.55510413E-12  -6.79282932E-12
   9.88013077       2.48717583E-12  -6.61224027E-12
   9.89013100       2.42105338E-12  -6.43645207E-12
   9.90013123       2.35668885E-12  -6.26533721E-12
   9.91013145       2.29403540E-12  -6.09877123E-12
   9.92013168       2.23304773E-12  -5.93663356E-12
   9.93013191       2.17368137E-12  -5.77880625E-12
   9.94013214       2.11589340E-12  -5.62517524E-12
   9.95013237       2.05964174E-12  -5.47562820E-12
   9.96013260       2.00488541E-12  -5.33005714E-12
   9.97013283       1.95158473E-12  -5.18835582E-12
   9.98013306       1.89970110E-12  -5.05042189E-12
   9.99013329       1.84919679E-12  -4.91615472E-12
   10.0001335       1.80003527E-12  -4.78545719E-12
