   0.00000000       0.00000000       1.00000000    
   9.99999978E-03   9.99999978E-03  0.898999989    
   1.99999996E-02   1.89899988E-02  0.807200968    
   2.99999993E-02   2.70620082E-02  0.723774672    
   3.99999991E-02   3.42997536E-02  0.647967219    
   4.99999970E-02   4.07794267E-02  0.579092562    
   5.99999949E-02   4.65703532E-02  0.516526282    
   6.99999928E-02   5.17356172E-02  0.459700108    
   7.99999908E-02   5.63326180E-02  0.408096850    
   8.99999887E-02   6.04135878E-02  0.361245811    
   9.99999866E-02   6.40260428E-02  0.318718612    
  0.109999985       6.72132298E-02  0.280125439    
  0.119999982       7.00144842E-02  0.245111451    
  0.129999980       7.24655986E-02  0.213353753    
  0.139999986       7.45991394E-02  0.184558466    
  0.149999991       7.64447227E-02  0.158458143    
  0.159999996       7.80293047E-02  0.134809405    
  0.170000002       7.93773979E-02  0.113390721    
  0.180000007       8.05113018E-02   9.40005183E-02
  0.190000013       8.14513043E-02   7.64553398E-02
  0.200000018       8.22158605E-02   6.05882183E-02
  0.210000023       8.28217417E-02   4.62472215E-02
  0.220000029       8.32842141E-02   3.32940780E-02
  0.230000034       8.36171582E-02   2.16029547E-02
  0.240000039       8.38331878E-02   1.10593401E-02
  0.250000030       8.39437842E-02   1.55902840E-03
  0.260000020       8.39593709E-02  -6.99281134E-03
  0.270000011       8.38894397E-02  -1.46824736E-02
  0.280000001       8.37426186E-02  -2.15884876E-02
  0.289999992       8.35267305E-02  -2.77823117E-02
  0.299999982       8.32489058E-02  -3.33289728E-02
  0.309999973       8.29156190E-02  -3.82876359E-02
  0.319999963       8.25327411E-02  -4.27121446E-02
  0.329999954       8.21056217E-02  -4.66514938E-02
  0.339999944       8.16391036E-02  -5.01502529E-02
  0.349999934       8.11375976E-02  -5.32489866E-02
  0.359999925       8.06051046E-02  -5.59845977E-02
  0.369999915       8.00452605E-02  -5.83906621E-02
  0.379999906       7.94613510E-02  -6.04977310E-02
  0.389999896       7.88563713E-02  -6.23335950E-02
  0.399999887       7.82330334E-02  -6.39235377E-02
  0.409999877       7.75937960E-02  -6.52905628E-02
  0.419999868       7.69408867E-02  -6.64555952E-02
  0.429999858       7.62763321E-02  -6.74376711E-02
  0.439999849       7.56019577E-02  -6.82540983E-02
  0.449999839       7.49194175E-02  -6.89206272E-02
  0.459999830       7.42302090E-02  -6.94515854E-02
  0.469999820       7.35356957E-02  -6.98599964E-02
  0.479999810       7.28370994E-02  -7.01577067E-02
  0.489999801       7.21355230E-02  -7.03554899E-02
  0.499999791       7.14319646E-02  -7.04631358E-02
  0.509999812       7.07273334E-02  -7.04895556E-02
  0.519999802       7.00224414E-02  -7.04428405E-02
  0.529999793       6.93180114E-02  -7.03303590E-02
  0.539999783       6.86147064E-02  -7.01587945E-02
  0.549999774       6.79131150E-02  -6.99342266E-02
  0.559999764       6.72137737E-02  -6.96621835E-02
  0.569999754       6.65171519E-02  -6.93476796E-02
  0.579999745       6.58236742E-02  -6.89952821E-02
  0.589999735       6.51337206E-02  -6.86091259E-02
  0.599999726       6.44476265E-02  -6.81929737E-02
  0.609999716       6.37656972E-02  -6.77502453E-02
  0.619999707       6.30881935E-02  -6.72840402E-02
  0.629999697       6.24153540E-02  -6.67971745E-02
  0.639999688       6.17473833E-02  -6.62921965E-02
  0.649999678       6.10844605E-02  -6.57714233E-02
  0.659999669       6.04267456E-02  -6.52369559E-02
  0.669999659       5.97743765E-02  -6.46906942E-02
  0.679999650       5.91274686E-02  -6.41343743E-02
  0.689999640       5.84861264E-02  -6.35695532E-02
  0.699999630       5.78504317E-02  -6.29976392E-02
  0.709999621       5.72204553E-02  -6.24199212E-02
  0.719999611       5.65962568E-02  -6.18375540E-02
  0.729999602       5.59778810E-02  -6.12515882E-02
  0.739999592       5.53653650E-02  -6.06629662E-02
  0.749999583       5.47587350E-02  -6.00725412E-02
  0.759999573       5.41580096E-02  -5.94810881E-02
  0.769999564       5.35631999E-02  -5.88892996E-02
  0.779999554       5.29743060E-02  -5.82978018E-02
  0.789999545       5.23913279E-02  -5.77071533E-02
  0.799999535       5.18142581E-02  -5.71178645E-02
  0.809999526       5.12430780E-02  -5.65303862E-02
  0.819999516       5.06777726E-02  -5.59451245E-02
  0.829999506       5.01183197E-02  -5.53624444E-02
  0.839999497       4.95646968E-02  -5.47826700E-02
  0.849999487       4.90168706E-02  -5.42060882E-02
  0.859999478       4.84748110E-02  -5.36329597E-02
  0.869999468       4.79384810E-02  -5.30635118E-02
  0.879999459       4.74078469E-02  -5.24979457E-02
  0.889999449       4.68828678E-02  -5.19364364E-02
  0.899999440       4.63635027E-02  -5.13791442E-02
  0.909999430       4.58497107E-02  -5.08261994E-02
  0.919999421       4.53414470E-02  -5.02777249E-02
  0.929999411       4.48386706E-02  -4.97338213E-02
  0.939999402       4.43413332E-02  -4.91945706E-02
  0.949999392       4.38493863E-02  -4.86600511E-02
  0.959999382       4.33627851E-02  -4.81303260E-02
  0.969999373       4.28814813E-02  -4.76054400E-02
  0.979999363       4.24054265E-02  -4.70854379E-02
  0.989999354       4.19345722E-02  -4.65703532E-02
  0.999999344       4.14688699E-02  -4.60602045E-02
   1.00999939       4.10082676E-02  -4.55550104E-02
   1.01999938       4.05527167E-02  -4.50547822E-02
   1.02999938       4.01021689E-02  -4.45595197E-02
   1.03999937       3.96565720E-02  -4.40692268E-02
   1.04999936       3.92158814E-02  -4.35838923E-02
   1.05999935       3.87800410E-02  -4.31035087E-02
   1.06999934       3.83490063E-02  -4.26280573E-02
   1.07999933       3.79227251E-02  -4.21575233E-02
   1.08999932       3.75011489E-02  -4.16918844E-02
   1.09999931       3.70842293E-02  -4.12311181E-02
   1.10999930       3.66719179E-02  -4.07751985E-02
   1.11999929       3.62641662E-02  -4.03240956E-02
   1.12999928       3.58609259E-02  -3.98777798E-02
   1.13999927       3.54621485E-02  -3.94362174E-02
   1.14999926       3.50677855E-02  -3.89993750E-02
   1.15999925       3.46777923E-02  -3.85672152E-02
   1.16999924       3.42921205E-02  -3.81397046E-02
   1.17999923       3.39107253E-02  -3.77168059E-02
   1.18999922       3.35335582E-02  -3.72984819E-02
   1.19999921       3.31605747E-02  -3.68846916E-02
   1.20999920       3.27917263E-02  -3.64753939E-02
   1.21999919       3.24269719E-02  -3.60705517E-02
   1.22999918       3.20662670E-02  -3.56701240E-02
   1.23999918       3.17095667E-02  -3.52740698E-02
   1.24999917       3.13568264E-02  -3.48823443E-02
   1.25999916       3.10080033E-02  -3.44949104E-02
   1.26999915       3.06630544E-02  -3.41117233E-02
   1.27999914       3.03219371E-02  -3.37327458E-02
   1.28999913       2.99846102E-02  -3.33579332E-02
   1.29999912       2.96510309E-02  -3.29872444E-02
   1.30999911       2.93211583E-02  -3.26206349E-02
   1.31999910       2.89949514E-02  -3.22580673E-02
   1.32999909       2.86723711E-02  -3.18994969E-02
   1.33999908       2.83533763E-02  -3.15448865E-02
   1.34999907       2.80379280E-02  -3.11941914E-02
   1.35999906       2.77259853E-02  -3.08473706E-02
   1.36999905       2.74175107E-02  -3.05043850E-02
   1.37999904       2.71124672E-02  -3.01651936E-02
   1.38999903       2.68108156E-02  -2.98297554E-02
   1.39999902       2.65125185E-02  -2.94980314E-02
   1.40999901       2.62175389E-02  -2.91699823E-02
   1.41999900       2.59258393E-02  -2.88455673E-02
   1.42999899       2.56373845E-02  -2.85247490E-02
   1.43999898       2.53521372E-02  -2.82074884E-02
   1.44999897       2.50700619E-02  -2.78937463E-02
   1.45999897       2.47911252E-02  -2.75834836E-02
   1.46999896       2.45152898E-02  -2.72766650E-02
   1.47999895       2.42425241E-02  -2.69732513E-02
   1.48999894       2.39727907E-02  -2.66732052E-02
   1.49999893       2.37060580E-02  -2.63764914E-02
   1.50999892       2.34422926E-02  -2.60830708E-02
   1.51999891       2.31814627E-02  -2.57929098E-02
   1.52999890       2.29235329E-02  -2.55059730E-02
   1.53999889       2.26684734E-02  -2.52222233E-02
   1.54999888       2.24162508E-02  -2.49416251E-02
   1.55999887       2.21668351E-02  -2.46641468E-02
   1.56999886       2.19201930E-02  -2.43897513E-02
   1.57999885       2.16762964E-02  -2.41184048E-02
   1.58999884       2.14351118E-02  -2.38500759E-02
   1.59999883       2.11966112E-02  -2.35847291E-02
   1.60999882       2.09607631E-02  -2.33223327E-02
   1.61999881       2.07275394E-02  -2.30628531E-02
   1.62999880       2.04969104E-02  -2.28062589E-02
   1.63999879       2.02688482E-02  -2.25525182E-02
   1.64999878       2.00433228E-02  -2.23015994E-02
   1.65999877       1.98203065E-02  -2.20534708E-02
   1.66999876       1.95997711E-02  -2.18081009E-02
   1.67999876       1.93816908E-02  -2.15654597E-02
   1.68999875       1.91660356E-02  -2.13255174E-02
   1.69999874       1.89527795E-02  -2.10882444E-02
   1.70999873       1.87418964E-02  -2.08536088E-02
   1.71999872       1.85333602E-02  -2.06215847E-02
   1.72999871       1.83271449E-02  -2.03921404E-02
   1.73999870       1.81232244E-02  -2.01652478E-02
   1.74999869       1.79215726E-02  -1.99408811E-02
   1.75999868       1.77221633E-02  -1.97190084E-02
   1.76999867       1.75249726E-02  -1.94996055E-02
   1.77999866       1.73299760E-02  -1.92826428E-02
   1.78999865       1.71371493E-02  -1.90680940E-02
   1.79999864       1.69464685E-02  -1.88559312E-02
   1.80999863       1.67579092E-02  -1.86461285E-02
   1.81999862       1.65714473E-02  -1.84386596E-02
   1.82999861       1.63870603E-02  -1.82335004E-02
   1.83999860       1.62047260E-02  -1.80306230E-02
   1.84999859       1.60244200E-02  -1.78300031E-02
   1.85999858       1.58461202E-02  -1.76316146E-02
   1.86999857       1.56698041E-02  -1.74354333E-02
   1.87999856       1.54954493E-02  -1.72414351E-02
   1.88999856       1.53230354E-02  -1.70495957E-02
   1.89999855       1.51525391E-02  -1.68598909E-02
   1.90999854       1.49839399E-02  -1.66722964E-02
   1.91999853       1.48172174E-02  -1.64867882E-02
   1.92999852       1.46523491E-02  -1.63033437E-02
   1.93999851       1.44893155E-02  -1.61219407E-02
   1.94999850       1.43280961E-02  -1.59425568E-02
   1.95999849       1.41686704E-02  -1.57651678E-02
   1.96999848       1.40110189E-02  -1.55897532E-02
   1.97999847       1.38551211E-02  -1.54162897E-02
   1.98999846       1.37009583E-02  -1.52447568E-02
   1.99999845       1.35485111E-02  -1.50751323E-02
   2.00999856       1.33977598E-02  -1.49073945E-02
   2.01999855       1.32486857E-02  -1.47415232E-02
   2.02999854       1.31012704E-02  -1.45774977E-02
   2.03999853       1.29554952E-02  -1.44152977E-02
   2.04999852       1.28113423E-02  -1.42549025E-02
   2.05999851       1.26687931E-02  -1.40962917E-02
   2.06999850       1.25278300E-02  -1.39394458E-02
   2.07999849       1.23884352E-02  -1.37843443E-02
   2.08999848       1.22505920E-02  -1.36309694E-02
   2.09999847       1.21142827E-02  -1.34793008E-02
   2.10999846       1.19794896E-02  -1.33293197E-02
   2.11999846       1.18461968E-02  -1.31810075E-02
   2.12999845       1.17143868E-02  -1.30343456E-02
   2.13999844       1.15840435E-02  -1.28893154E-02
   2.14999843       1.14551503E-02  -1.27458991E-02
   2.15999842       1.13276914E-02  -1.26040783E-02
   2.16999841       1.12016508E-02  -1.24638351E-02
   2.17999840       1.10770129E-02  -1.23251528E-02
   2.18999839       1.09537616E-02  -1.21880136E-02
   2.19999838       1.08318813E-02  -1.20524000E-02
   2.20999837       1.07113570E-02  -1.19182961E-02
   2.21999836       1.05921738E-02  -1.17856842E-02
   2.22999835       1.04743168E-02  -1.16545474E-02
   2.23999834       1.03577711E-02  -1.15248701E-02
   2.24999833       1.02425227E-02  -1.13966353E-02
   2.25999832       1.01285568E-02  -1.12698274E-02
   2.26999831       1.00158583E-02  -1.11444304E-02
   2.27999830       9.90441442E-03  -1.10204285E-02
   2.28999829       9.79421008E-03  -1.08978068E-02
   2.29999828       9.68523230E-03  -1.07765496E-02
   2.30999827       9.57746711E-03  -1.06566418E-02
   2.31999826       9.47090052E-03  -1.05380677E-02
   2.32999825       9.36551951E-03  -1.04208132E-02
   2.33999825       9.26131103E-03  -1.03048626E-02
   2.34999824       9.15826205E-03  -1.01902029E-02
   2.35999823       9.05636046E-03  -1.00768190E-02
   2.36999822       8.95559229E-03  -9.96469613E-03
   2.37999821       8.85594543E-03  -9.85382125E-03
   2.38999820       8.75740685E-03  -9.74417944E-03
   2.39999819       8.65996536E-03  -9.63575765E-03
   2.40999818       8.56360793E-03  -9.52854287E-03
   2.41999817       8.46832246E-03  -9.42252111E-03
   2.42999816       8.37409683E-03  -9.31767840E-03
   2.43999815       8.28091986E-03  -9.21400264E-03
   2.44999814       8.18877947E-03  -9.11148079E-03
   2.45999813       8.09766445E-03  -9.01009887E-03
   2.46999812       8.00756365E-03  -8.90984572E-03
   2.47999811       7.91846495E-03  -8.81070737E-03
   2.48999810       7.83035811E-03  -8.71267263E-03
   2.49999809       7.74323149E-03  -8.61572847E-03
   2.50999808       7.65707437E-03  -8.51986278E-03
   2.51999807       7.57187558E-03  -8.42506438E-03
   2.52999806       7.48762488E-03  -8.33132025E-03
   2.53999805       7.40431156E-03  -8.23861919E-03
   2.54999804       7.32192537E-03  -8.14695004E-03
   2.55999804       7.24045606E-03  -8.05630069E-03
   2.56999803       7.15989294E-03  -7.96665996E-03
   2.57999802       7.08022621E-03  -7.87801668E-03
   2.58999801       7.00144609E-03  -7.79035967E-03
   2.59999800       6.92354236E-03  -7.70367775E-03
   2.60999799       6.84650568E-03  -7.61796068E-03
   2.61999798       6.77032629E-03  -7.53319729E-03
   2.62999797       6.69499440E-03  -7.44937686E-03
   2.63999796       6.62050070E-03  -7.36648915E-03
   2.64999795       6.54683588E-03  -7.28452392E-03
   2.65999794       6.47399062E-03  -7.20347045E-03
   2.66999793       6.40195608E-03  -7.12331897E-03
   2.67999792       6.33072294E-03  -7.04405922E-03
   2.68999791       6.26028236E-03  -6.96568144E-03
   2.69999790       6.19062549E-03  -6.88817585E-03
   2.70999789       6.12174394E-03  -6.81153266E-03
   2.71999788       6.05362840E-03  -6.73574209E-03
   2.72999787       5.98627096E-03  -6.66079484E-03
   2.73999786       5.91966324E-03  -6.58668159E-03
   2.74999785       5.85379638E-03  -6.51339302E-03
   2.75999784       5.78866247E-03  -6.44091982E-03
   2.76999784       5.72425313E-03  -6.36925315E-03
   2.77999783       5.66056045E-03  -6.29838370E-03
   2.78999782       5.59757650E-03  -6.22830307E-03
   2.79999781       5.53529337E-03  -6.15900196E-03
   2.80999780       5.47370315E-03  -6.09047199E-03
   2.81999779       5.41279837E-03  -6.02270477E-03
   2.82999778       5.35257114E-03  -5.95569145E-03
   2.83999777       5.29301446E-03  -5.88942366E-03
   2.84999776       5.23412041E-03  -5.82389347E-03
   2.85999775       5.17588155E-03  -5.75909205E-03
   2.86999774       5.11829043E-03  -5.69501193E-03
   2.87999773       5.06134052E-03  -5.63164474E-03
   2.88999772       5.00502391E-03  -5.56898257E-03
   2.89999771       4.94933408E-03  -5.50701795E-03
   2.90999770       4.89426404E-03  -5.44574251E-03
   2.91999769       4.83980682E-03  -5.38514880E-03
   2.92999768       4.78595542E-03  -5.32522937E-03
   2.93999767       4.73270332E-03  -5.26597677E-03
   2.94999766       4.68004355E-03  -5.20738354E-03
   2.95999765       4.62796958E-03  -5.14944224E-03
   2.96999764       4.57647536E-03  -5.09214541E-03
   2.97999763       4.52555390E-03  -5.03548607E-03
   2.98999763       4.47519915E-03  -4.97945724E-03
   2.99999762       4.42540459E-03  -4.92405193E-03
   3.00999761       4.37616417E-03  -4.86926315E-03
   3.01999760       4.32747137E-03  -4.81508393E-03
   3.02999759       4.27932059E-03  -4.76150773E-03
   3.03999758       4.23170533E-03  -4.70852759E-03
   3.04999757       4.18461999E-03  -4.65613697E-03
   3.05999756       4.13805852E-03  -4.60432936E-03
   3.06999755       4.09201533E-03  -4.55309777E-03
   3.07999754       4.04648436E-03  -4.50243661E-03
   3.08999753       4.00146004E-03  -4.45233891E-03
   3.09999752       3.95693677E-03  -4.40279860E-03
   3.10999751       3.91290896E-03  -4.35380964E-03
   3.11999750       3.86937079E-03  -4.30536596E-03
   3.12999749       3.82631714E-03  -4.25746106E-03
   3.13999748       3.78374243E-03  -4.21008933E-03
   3.14999747       3.74164153E-03  -4.16324474E-03
   3.15999746       3.70000908E-03  -4.11692122E-03
   3.16999745       3.65883997E-03  -4.07111319E-03
   3.17999744       3.61812883E-03  -4.02581459E-03
   3.18999743       3.57787078E-03  -3.98102030E-03
   3.19999743       3.53806047E-03  -3.93672427E-03
   3.20999742       3.49869323E-03  -3.89292114E-03
   3.21999741       3.45976395E-03  -3.84960533E-03
   3.22999740       3.42126796E-03  -3.80677148E-03
   3.23999739       3.38320015E-03  -3.76441446E-03
   3.24999738       3.34555609E-03  -3.72252869E-03
   3.25999737       3.30833090E-03  -3.68110882E-03
   3.26999736       3.27151990E-03  -3.64014995E-03
   3.27999735       3.23511846E-03  -3.59964673E-03
   3.28999734       3.19912191E-03  -3.55959428E-03
   3.29999733       3.16352607E-03  -3.51998745E-03
   3.30999732       3.12832627E-03  -3.48082138E-03
   3.31999731       3.09351808E-03  -3.44209094E-03
   3.32999730       3.05909710E-03  -3.40379146E-03
   3.33999729       3.02505912E-03  -3.36591830E-03
   3.34999728       2.99139996E-03  -3.32846656E-03
   3.35999727       2.95811519E-03  -3.29143135E-03
   3.36999726       2.92520085E-03  -3.25480825E-03
   3.37999725       2.89265276E-03  -3.21859261E-03
   3.38999724       2.86046695E-03  -3.18278000E-03
   3.39999723       2.82863923E-03  -3.14736599E-03
   3.40999722       2.79716565E-03  -3.11234593E-03
   3.41999722       2.76604225E-03  -3.07771564E-03
   3.42999721       2.73526506E-03  -3.04347067E-03
   3.43999720       2.70483037E-03  -3.00960662E-03
   3.44999719       2.67473422E-03  -2.97611929E-03
   3.45999718       2.64497311E-03  -2.94300471E-03
   3.46999717       2.61554308E-03  -2.91025848E-03
   3.47999716       2.58644042E-03  -2.87787663E-03
   3.48999715       2.55766162E-03  -2.84585520E-03
   3.49999714       2.52920296E-03  -2.81419000E-03
   3.50999713       2.50106095E-03  -2.78287707E-03
   3.51999712       2.47323210E-03  -2.75191246E-03
   3.52999711       2.44571292E-03  -2.72129243E-03
   3.53999710       2.41849991E-03  -2.69101327E-03
   3.54999709       2.39158981E-03  -2.66107102E-03
   3.55999708       2.36497913E-03  -2.63146195E-03
   3.56999707       2.33866461E-03  -2.60218210E-03
   3.57999706       2.31264275E-03  -2.57322821E-03
   3.58999705       2.28691055E-03  -2.54459656E-03
   3.59999704       2.26146448E-03  -2.51628342E-03
   3.60999703       2.23630155E-03  -2.48828530E-03
   3.61999702       2.21141870E-03  -2.46059871E-03
   3.62999701       2.18681269E-03  -2.43322016E-03
   3.63999701       2.16248049E-03  -2.40614614E-03
   3.64999700       2.13841908E-03  -2.37937341E-03
   3.65999699       2.11462541E-03  -2.35289871E-03
   3.66999698       2.09109648E-03  -2.32671853E-03
   3.67999697       2.06782925E-03  -2.30082963E-03
   3.68999696       2.04482093E-03  -2.27522873E-03
   3.69999695       2.02206871E-03  -2.24991282E-03
   3.70999694       1.99956959E-03  -2.22487841E-03
   3.71999693       1.97732076E-03  -2.20012269E-03
   3.72999692       1.95531943E-03  -2.17564241E-03
   3.73999691       1.93356303E-03  -2.15143454E-03
   3.74999690       1.91204867E-03  -2.12749606E-03
   3.75999689       1.89077365E-03  -2.10382370E-03
   3.76999688       1.86973542E-03  -2.08041491E-03
   3.77999687       1.84893131E-03  -2.05726665E-03
   3.78999686       1.82835863E-03  -2.03437591E-03
   3.79999685       1.80801481E-03  -2.01173988E-03
   3.80999684       1.78789743E-03  -1.98935554E-03
   3.81999683       1.76800392E-03  -1.96722033E-03
   3.82999682       1.74833171E-03  -1.94533146E-03
   3.83999681       1.72887836E-03  -1.92368613E-03
   3.84999681       1.70964154E-03  -1.90228166E-03
   3.85999680       1.69061869E-03  -1.88111537E-03
   3.86999679       1.67180749E-03  -1.86018459E-03
   3.87999678       1.65320560E-03  -1.83948665E-03
   3.88999677       1.63481070E-03  -1.81901909E-03
   3.89999676       1.61662046E-03  -1.79877924E-03
   3.90999675       1.59863266E-03  -1.77876465E-03
   3.91999674       1.58084498E-03  -1.75897265E-03
   3.92999673       1.56325521E-03  -1.73940090E-03
   3.93999672       1.54586125E-03  -1.72004697E-03
   3.94999671       1.52866077E-03  -1.70090829E-03
   3.95999670       1.51165167E-03  -1.68198266E-03
   3.96999669       1.49483187E-03  -1.66326761E-03
   3.97999668       1.47819915E-03  -1.64476072E-03
   3.98999667       1.46175153E-03  -1.62645977E-03
   3.99999666       1.44548691E-03  -1.60836254E-03
   4.00999689       1.42940332E-03  -1.59046659E-03
   4.01999712       1.41349866E-03  -1.57276983E-03
   4.02999735       1.39777095E-03  -1.55526993E-03
   4.03999758       1.38221821E-03  -1.53796480E-03
   4.04999781       1.36683858E-03  -1.52085221E-03
   4.05999804       1.35163008E-03  -1.50392996E-03
   4.06999826       1.33659074E-03  -1.48719607E-03
   4.07999849       1.32171880E-03  -1.47064833E-03
   4.08999872       1.30701228E-03  -1.45428476E-03
   4.09999895       1.29246945E-03  -1.43810327E-03
   4.10999918       1.27808843E-03  -1.42210175E-03
   4.11999941       1.26386737E-03  -1.40627834E-03
   4.12999964       1.24980463E-03  -1.39063096E-03
   4.13999987       1.23589835E-03  -1.37515774E-03
   4.15000010       1.22214679E-03  -1.35985669E-03
   4.16000032       1.20854820E-03  -1.34472584E-03
   4.17000055       1.19510095E-03  -1.32976333E-03
   4.18000078       1.18180329E-03  -1.31496729E-03
   4.19000101       1.16865360E-03  -1.30033586E-03
   4.20000124       1.15565024E-03  -1.28586730E-03
   4.21000147       1.14279159E-03  -1.27155974E-03
   4.22000170       1.13007601E-03  -1.25741132E-03
   4.23000193       1.11750187E-03  -1.24342041E-03
   4.24000216       1.10506767E-03  -1.22958515E-03
   4.25000238       1.09277177E-03  -1.21590379E-03
   4.26000261       1.08061277E-03  -1.20237470E-03
   4.27000284       1.06858904E-03  -1.18899613E-03
   4.28000307       1.05669908E-03  -1.17576646E-03
   4.29000330       1.04494137E-03  -1.16268394E-03
   4.30000353       1.03331450E-03  -1.14974694E-03
   4.31000376       1.02181698E-03  -1.13695394E-03
   4.32000399       1.01044739E-03  -1.12430332E-03
   4.33000422       9.99204349E-04  -1.11179345E-03
   4.34000444       9.88086453E-04  -1.09942281E-03
   4.35000467       9.77092190E-04  -1.08718977E-03
   4.36000490       9.66220279E-04  -1.07509282E-03
   4.37000513       9.55469324E-04  -1.06313045E-03
   4.38000536       9.44838044E-04  -1.05130125E-03
   4.39000559       9.34325042E-04  -1.03960361E-03
   4.40000582       9.23928979E-04  -1.02803612E-03
   4.41000605       9.13648633E-04  -1.01659738E-03
   4.42000628       9.03482665E-04  -1.00528589E-03
   4.43000650       8.93429795E-04  -9.94100235E-04
   4.44000673       8.83488799E-04  -9.83039150E-04
   4.45000696       8.73658399E-04  -9.72101057E-04
   4.46000719       8.63937370E-04  -9.61284677E-04
   4.47000742       8.54324549E-04  -9.50588670E-04
   4.48000765       8.44818656E-04  -9.40011640E-04
   4.49000788       8.35418527E-04  -9.29552305E-04
   4.50000811       8.26122996E-04  -9.19209386E-04
   4.51000834       8.16930900E-04  -9.08981543E-04
   4.52000856       8.07841076E-04  -8.98867496E-04
   4.53000879       7.98852416E-04  -8.88865965E-04
   4.54000902       7.89963757E-04  -8.78975727E-04
   4.55000925       7.81173992E-04  -8.69195559E-04
   4.56000948       7.72482017E-04  -8.59524182E-04
   4.57000971       7.63886783E-04  -8.49960430E-04
   4.58000994       7.55387184E-04  -8.40503082E-04
   4.59001017       7.46982172E-04  -8.31150974E-04
   4.60001040       7.38670642E-04  -8.21902941E-04
   4.61001062       7.30451604E-04  -8.12757818E-04
   4.62001085       7.22324010E-04  -8.03714443E-04
   4.63001108       7.14286871E-04  -7.94771709E-04
   4.64001131       7.06339139E-04  -7.85928452E-04
   4.65001154       6.98479882E-04  -7.77183624E-04
   4.66001177       6.90708053E-04  -7.68536062E-04
   4.67001200       6.83022721E-04  -7.59984716E-04
   4.68001223       6.75422896E-04  -7.51528540E-04
   4.69001245       6.67907589E-04  -7.43166427E-04
   4.70001268       6.60475926E-04  -7.34897389E-04
   4.71001291       6.53126976E-04  -7.26720376E-04
   4.72001314       6.45859749E-04  -7.18634285E-04
   4.73001337       6.38673431E-04  -7.10638182E-04
   4.74001360       6.31567033E-04  -7.02731078E-04
   4.75001383       6.24539738E-04  -6.94911927E-04
   4.76001406       6.17590616E-04  -6.87179796E-04
   4.77001429       6.10718795E-04  -6.79533696E-04
   4.78001451       6.03923458E-04  -6.71972695E-04
   4.79001474       5.97203732E-04  -6.64495805E-04
   4.80001497       5.90558746E-04  -6.57102093E-04
   4.81001520       5.83987741E-04  -6.49790629E-04
   4.82001543       5.77489845E-04  -6.42560539E-04
   4.83001566       5.71064244E-04  -6.35410892E-04
   4.84001589       5.64710121E-04  -6.28340815E-04
   4.85001612       5.58426720E-04  -6.21349376E-04
   4.86001635       5.52213227E-04  -6.14435761E-04
   4.87001657       5.46068884E-04  -6.07599097E-04
   4.88001680       5.39992878E-04  -6.00838452E-04
   4.89001703       5.33984508E-04  -5.94153069E-04
   4.90001726       5.28042961E-04  -5.87542076E-04
   4.91001749       5.22167538E-04  -5.81004599E-04
   4.92001772       5.16357482E-04  -5.74539881E-04
   4.93001795       5.10612095E-04  -5.68147108E-04
   4.94001818       5.04930620E-04  -5.61825465E-04
   4.95001841       4.99312358E-04  -5.55574137E-04
   4.96001863       4.93756612E-04  -5.49392367E-04
   4.97001886       4.88262682E-04  -5.43279399E-04
   4.98001909       4.82829899E-04  -5.37234475E-04
   4.99001932       4.77457565E-04  -5.31256781E-04
   5.00001955       4.72145010E-04  -5.25345618E-04
   5.01001978       4.66891564E-04  -5.19500230E-04
   5.02002001       4.61696560E-04  -5.13719860E-04
   5.03002024       4.56559355E-04  -5.08003810E-04
   5.04002047       4.51479311E-04  -5.02351380E-04
   5.05002069       4.46455786E-04  -4.96761815E-04
   5.06002092       4.41488170E-04  -4.91234474E-04
   5.07002115       4.36575821E-04  -4.85768600E-04
   5.08002138       4.31718130E-04  -4.80363553E-04
   5.09002161       4.26914485E-04  -4.75018634E-04
   5.10002184       4.22164303E-04  -4.69733204E-04
   5.11002207       4.17466974E-04  -4.64506593E-04
   5.12002230       4.12821915E-04  -4.59338131E-04
   5.13002253       4.08228545E-04  -4.54227178E-04
   5.14002275       4.03686281E-04  -4.49173094E-04
   5.15002298       3.99194541E-04  -4.44175239E-04
   5.16002321       3.94752802E-04  -4.39233001E-04
   5.17002344       3.90360481E-04  -4.34345740E-04
   5.18002367       3.86017025E-04  -4.29512875E-04
   5.19002390       3.81721882E-04  -4.24733764E-04
   5.20002413       3.77474556E-04  -4.20007855E-04
   5.21002436       3.73274466E-04  -4.15334507E-04
   5.22002459       3.69121117E-04  -4.10713168E-04
   5.23002481       3.65013984E-04  -4.06143256E-04
   5.24002504       3.60952545E-04  -4.01624187E-04
   5.25002527       3.56936303E-04  -3.97155411E-04
   5.26002550       3.52964737E-04  -3.92736343E-04
   5.27002573       3.49037378E-04  -3.88366432E-04
   5.28002596       3.45153705E-04  -3.84045154E-04
   5.29002619       3.41313251E-04  -3.79771955E-04
   5.30002642       3.37515521E-04  -3.75546311E-04
   5.31002665       3.33760050E-04  -3.71367700E-04
   5.32002687       3.30046372E-04  -3.67235567E-04
   5.33002710       3.26374022E-04  -3.63149418E-04
   5.34002733       3.22742533E-04  -3.59108730E-04
   5.35002756       3.19151441E-04  -3.55113007E-04
   5.36002779       3.15600308E-04  -3.51161725E-04
   5.37002802       3.12088698E-04  -3.47254419E-04
   5.38002825       3.08616145E-04  -3.43390595E-04
   5.39002848       3.05182242E-04  -3.39569757E-04
   5.40002871       3.01786553E-04  -3.35791439E-04
   5.41002893       2.98428640E-04  -3.32055148E-04
   5.42002916       2.95108097E-04  -3.28360446E-04
   5.43002939       2.91824486E-04  -3.24706838E-04
   5.44002962       2.88577430E-04  -3.21093888E-04
   5.45002985       2.85366492E-04  -3.17521160E-04
   5.46003008       2.82191293E-04  -3.13988188E-04
   5.47003031       2.79051397E-04  -3.10494506E-04
   5.48003054       2.75946455E-04  -3.07039707E-04
   5.49003077       2.72876059E-04  -3.03623354E-04
   5.50003099       2.69839831E-04  -3.00245010E-04
   5.51003122       2.66837393E-04  -2.96904240E-04
   5.52003145       2.63868336E-04  -2.93600664E-04
   5.53003168       2.60932342E-04  -2.90333846E-04
   5.54003191       2.58029002E-04  -2.87103350E-04
   5.55003214       2.55157967E-04  -2.83908797E-04
   5.56003237       2.52318889E-04  -2.80749809E-04
   5.57003260       2.49511388E-04  -2.77625979E-04
   5.58003283       2.46735115E-04  -2.74536898E-04
   5.59003305       2.43989751E-04  -2.71482189E-04
   5.60003328       2.41274931E-04  -2.68461474E-04
   5.61003351       2.38590321E-04  -2.65474373E-04
   5.62003374       2.35935571E-04  -2.62520480E-04
   5.63003397       2.33310362E-04  -2.59599474E-04
   5.64003420       2.30714373E-04  -2.56710977E-04
   5.65003443       2.28147270E-04  -2.53854610E-04
   5.66003466       2.25608717E-04  -2.51030026E-04
   5.67003489       2.23098410E-04  -2.48236873E-04
   5.68003511       2.20616042E-04  -2.45474803E-04
   5.69003534       2.18161294E-04  -2.42743452E-04
   5.70003557       2.15733860E-04  -2.40042500E-04
   5.71003580       2.13333435E-04  -2.37371598E-04
   5.72003603       2.10959712E-04  -2.34730411E-04
   5.73003626       2.08612415E-04  -2.32118618E-04
   5.74003649       2.06291224E-04  -2.29535886E-04
   5.75003672       2.03995864E-04  -2.26981880E-04
   5.76003695       2.01726041E-04  -2.24456293E-04
   5.77003717       1.99481481E-04  -2.21958806E-04
   5.78003740       1.97261892E-04  -2.19489113E-04
   5.79003763       1.95066998E-04  -2.17046894E-04
   5.80003786       1.92896536E-04  -2.14631858E-04
   5.81003809       1.90750216E-04  -2.12243700E-04
   5.82003832       1.88627775E-04  -2.09882099E-04
   5.83003855       1.86528952E-04  -2.07546778E-04
   5.84003878       1.84453485E-04  -2.05237448E-04
   5.85003901       1.82401112E-04  -2.02953815E-04
   5.86003923       1.80371571E-04  -2.00695591E-04
   5.87003946       1.78364615E-04  -1.98462498E-04
   5.88003969       1.76379996E-04  -1.96254245E-04
   5.89003992       1.74417451E-04  -1.94070570E-04
   5.90004015       1.72476750E-04  -1.91911182E-04
   5.91004038       1.70557643E-04  -1.89775834E-04
   5.92004061       1.68659884E-04  -1.87664235E-04
   5.93004084       1.66783240E-04  -1.85576137E-04
   5.94004107       1.64927478E-04  -1.83511263E-04
   5.95004129       1.63092365E-04  -1.81469368E-04
   5.96004152       1.61277669E-04  -1.79450202E-04
   5.97004175       1.59483170E-04  -1.77453505E-04
   5.98004198       1.57708637E-04  -1.75479014E-04
   5.99004221       1.55953850E-04  -1.73526496E-04
   6.00004244       1.54218578E-04  -1.71595704E-04
   6.01004267       1.52502616E-04  -1.69686391E-04
   6.02004290       1.50805747E-04  -1.67798324E-04
   6.03004313       1.49127765E-04  -1.65931269E-04
   6.04004335       1.47468454E-04  -1.64084980E-04
   6.05004358       1.45827609E-04  -1.62259239E-04
   6.06004381       1.44205012E-04  -1.60453812E-04
   6.07004404       1.42600475E-04  -1.58668481E-04
   6.08004427       1.41013792E-04  -1.56903014E-04
   6.09004450       1.39444761E-04  -1.55157191E-04
   6.10004473       1.37893192E-04  -1.53430796E-04
   6.11004496       1.36358882E-04  -1.51723609E-04
   6.12004519       1.34841641E-04  -1.50035412E-04
   6.13004541       1.33341280E-04  -1.48366002E-04
   6.14004564       1.31857625E-04  -1.46715160E-04
   6.15004587       1.30390472E-04  -1.45082697E-04
   6.16004610       1.28939646E-04  -1.43468395E-04
   6.17004633       1.27504958E-04  -1.41872049E-04
   6.18004656       1.26086234E-04  -1.40293472E-04
   6.19004679       1.24683298E-04  -1.38732459E-04
   6.20004702       1.23295977E-04  -1.37188807E-04
   6.21004725       1.21924088E-04  -1.35662340E-04
   6.22004747       1.20567463E-04  -1.34152855E-04
   6.23004770       1.19225937E-04  -1.32660163E-04
   6.24004793       1.17899333E-04  -1.31184075E-04
   6.25004816       1.16587493E-04  -1.29724416E-04
   6.26004839       1.15290248E-04  -1.28280997E-04
   6.27004862       1.14007438E-04  -1.26853643E-04
   6.28004885       1.12738904E-04  -1.25442166E-04
   6.29004908       1.11484485E-04  -1.24046404E-04
   6.30004930       1.10244022E-04  -1.22666170E-04
   6.31004953       1.09017361E-04  -1.21301287E-04
   6.32004976       1.07804350E-04  -1.19951597E-04
   6.33004999       1.06604835E-04  -1.18616925E-04
   6.34005022       1.05418665E-04  -1.17297095E-04
   6.35005045       1.04245693E-04  -1.15991956E-04
   6.36005068       1.03085775E-04  -1.14701339E-04
   6.37005091       1.01938764E-04  -1.13425078E-04
   6.38005114       1.00804515E-04  -1.12163019E-04
   6.39005136       9.96828821E-05  -1.10915003E-04
   6.40005159       9.85737352E-05  -1.09680877E-04
   6.41005182       9.74769282E-05  -1.08460481E-04
   6.42005205       9.63923230E-05  -1.07253669E-04
   6.43005228       9.53197887E-05  -1.06060281E-04
   6.44005251       9.42591869E-05  -1.04880171E-04
   6.45005274       9.32103867E-05  -1.03713195E-04
   6.46005297       9.21732571E-05  -1.02559199E-04
   6.47005320       9.11476673E-05  -1.01418045E-04
   6.48005342       9.01334861E-05  -1.00289588E-04
   6.49005365       8.91305899E-05  -9.91736888E-05
   6.50005388       8.81388551E-05  -9.80702025E-05
   6.51005411       8.71581506E-05  -9.69789980E-05
   6.52005434       8.61883600E-05  -9.58999372E-05
   6.53005457       8.52293597E-05  -9.48328816E-05
   6.54005480       8.42810332E-05  -9.37776931E-05
   6.55005503       8.33432568E-05  -9.27342480E-05
   6.56005526       8.24159142E-05  -9.17024154E-05
   6.57005548       8.14988889E-05  -9.06820642E-05
   6.58005571       8.05920718E-05  -8.96730635E-05
   6.59005594       7.96953391E-05  -8.86752896E-05
   6.60005617       7.88085890E-05  -8.76886188E-05
   6.61005640       7.79317052E-05  -8.67129274E-05
   6.62005663       7.70645784E-05  -8.57480918E-05
   6.63005686       7.62070995E-05  -8.47939955E-05
   6.64005709       7.53591594E-05  -8.38505148E-05
   6.65005732       7.45206562E-05  -8.29175260E-05
   6.66005754       7.36914808E-05  -8.19949200E-05
   6.67005777       7.28715313E-05  -8.10825804E-05
   6.68005800       7.20607059E-05  -8.01803908E-05
   6.69005823       7.12589026E-05  -7.92882420E-05
   6.70005846       7.04660197E-05  -7.84060176E-05
   6.71005869       6.96819625E-05  -7.75336157E-05
   6.72005892       6.89066292E-05  -7.66709200E-05
   6.73005915       6.81399179E-05  -7.58178212E-05
   6.74005938       6.73817412E-05  -7.49742103E-05
   6.75005960       6.66319975E-05  -7.41399926E-05
   6.76005983       6.58905992E-05  -7.33150518E-05
   6.77006006       6.51574519E-05  -7.24992933E-05
   6.78006029       6.44324609E-05  -7.16926079E-05
   6.79006052       6.37155317E-05  -7.08949010E-05
   6.80006075       6.30065842E-05  -7.01060708E-05
   6.81006098       6.23055239E-05  -6.93260154E-05
   6.82006121       6.16122634E-05  -6.85546402E-05
   6.83006144       6.09267154E-05  -6.77918506E-05
   6.84006166       6.02487962E-05  -6.70375448E-05
   6.85006189       5.95784222E-05  -6.62916354E-05
   6.86006212       5.89155061E-05  -6.55540207E-05
   6.87006235       5.82599641E-05  -6.48246132E-05
   6.88006258       5.76117163E-05  -6.41033257E-05
   6.89006281       5.69706826E-05  -6.33900636E-05
   6.90006304       5.63367830E-05  -6.26847323E-05
   6.91006327       5.57099374E-05  -6.19872517E-05
   6.92006350       5.50900659E-05  -6.12975346E-05
   6.93006372       5.44770919E-05  -6.06154899E-05
   6.94006395       5.38709355E-05  -5.99410341E-05
   6.95006418       5.32715239E-05  -5.92740835E-05
   6.96006441       5.26787844E-05  -5.86145543E-05
   6.97006464       5.20926405E-05  -5.79623629E-05
   6.98006487       5.15130159E-05  -5.73174293E-05
   6.99006510       5.09398415E-05  -5.66796698E-05
   7.00006533       5.03730444E-05  -5.60490080E-05
   7.01006556       4.98125555E-05  -5.54253638E-05
   7.02006578       4.92583022E-05  -5.48086573E-05
   7.03006601       4.87102152E-05  -5.41988120E-05
   7.04006624       4.81682255E-05  -5.35957515E-05
   7.05006647       4.76322675E-05  -5.29994031E-05
   7.06006670       4.71022722E-05  -5.24096904E-05
   7.07006693       4.65781741E-05  -5.18265406E-05
   7.08006716       4.60599076E-05  -5.12498773E-05
   7.09006739       4.55474074E-05  -5.06796314E-05
   7.10006762       4.50406114E-05  -5.01157301E-05
   7.11006784       4.45394544E-05  -4.95581007E-05
   7.12006807       4.40438744E-05  -4.90066777E-05
   7.13006830       4.35538059E-05  -4.84613920E-05
   7.14006853       4.30691907E-05  -4.79221708E-05
   7.15006876       4.25899707E-05  -4.73889522E-05
   7.16006899       4.21160803E-05  -4.68616636E-05
   7.17006922       4.16474650E-05  -4.63402430E-05
   7.18006945       4.11840629E-05  -4.58246250E-05
   7.19006968       4.07258158E-05  -4.53147441E-05
   7.20006990       4.02726691E-05  -4.48105347E-05
   7.21007013       3.98245647E-05  -4.43119388E-05
   7.22007036       3.93814444E-05  -4.38188908E-05
   7.23007059       3.89432571E-05  -4.33313289E-05
   7.24007082       3.85099447E-05  -4.28491912E-05
   7.25007105       3.80814527E-05  -4.23724159E-05
   7.26007128       3.76577300E-05  -4.19009484E-05
   7.27007151       3.72387221E-05  -4.14347269E-05
   7.28007174       3.68243745E-05  -4.09736931E-05
   7.29007196       3.64146363E-05  -4.05177889E-05
   7.30007219       3.60094600E-05  -4.00669560E-05
   7.31007242       3.56087912E-05  -3.96211399E-05
   7.32007265       3.52125790E-05  -3.91802823E-05
   7.33007288       3.48207759E-05  -3.87443324E-05
   7.34007311       3.44333312E-05  -3.83132319E-05
   7.35007334       3.40501974E-05  -3.78869299E-05
   7.36007357       3.36713274E-05  -3.74653682E-05
   7.37007380       3.32966738E-05  -3.70484995E-05
   7.38007402       3.29261893E-05  -3.66362692E-05
   7.39007425       3.25598266E-05  -3.62286264E-05
   7.40007448       3.21975422E-05  -3.58255165E-05
   7.41007471       3.18392886E-05  -3.54268923E-05
   7.42007494       3.14850186E-05  -3.50327064E-05
   7.43007517       3.11346921E-05  -3.46429042E-05
   7.44007540       3.07882619E-05  -3.42574385E-05
   7.45007563       3.04456880E-05  -3.38762620E-05
   7.46007586       3.01069249E-05  -3.34993274E-05
   7.47007608       2.97719307E-05  -3.31265874E-05
   7.48007631       2.94406655E-05  -3.27579946E-05
   7.49007654       2.91130855E-05  -3.23935055E-05
   7.50007677       2.87891507E-05  -3.20330691E-05
   7.51007700       2.84688194E-05  -3.16766454E-05
   7.52007723       2.81520533E-05  -3.13241871E-05
   7.53007746       2.78388106E-05  -3.09756506E-05
   7.54007769       2.75290549E-05  -3.06309921E-05
   7.55007792       2.72227444E-05  -3.02901681E-05
   7.56007814       2.69198426E-05  -2.99531366E-05
   7.57007837       2.66203115E-05  -2.96198541E-05
   7.58007860       2.63241127E-05  -2.92902805E-05
   7.59007883       2.60312099E-05  -2.89643740E-05
   7.60007906       2.57415668E-05  -2.86420927E-05
   7.61007929       2.54551451E-05  -2.83233985E-05
   7.62007952       2.51719102E-05  -2.80082495E-05
   7.63007975       2.48918277E-05  -2.76966075E-05
   7.64007998       2.46148611E-05  -2.73884325E-05
   7.65008020       2.43409777E-05  -2.70836863E-05
   7.66008043       2.40701411E-05  -2.67823325E-05
   7.67008066       2.38023185E-05  -2.64843311E-05
   7.68008089       2.35374755E-05  -2.61896457E-05
   7.69008112       2.32755792E-05  -2.58982382E-05
   7.70008135       2.30165970E-05  -2.56100739E-05
   7.71008158       2.27604960E-05  -2.53251164E-05
   7.72008181       2.25072454E-05  -2.50433295E-05
   7.73008204       2.22568124E-05  -2.47646785E-05
   7.74008226       2.20091661E-05  -2.44891271E-05
   7.75008249       2.17642755E-05  -2.42166425E-05
   7.76008272       2.15221098E-05  -2.39471883E-05
   7.77008295       2.12826380E-05  -2.36807336E-05
   7.78008318       2.10458311E-05  -2.34172439E-05
   7.79008341       2.08116580E-05  -2.31566846E-05
   7.80008364       2.05800916E-05  -2.28990248E-05
   7.81008387       2.03511008E-05  -2.26442316E-05
   7.82008410       2.01246585E-05  -2.23922743E-05
   7.83008432       1.99007354E-05  -2.21431201E-05
   7.84008455       1.96793044E-05  -2.18967380E-05
   7.85008478       1.94603363E-05  -2.16530971E-05
   7.86008501       1.92438056E-05  -2.14121683E-05
   7.87008524       1.90296832E-05  -2.11739207E-05
   7.88008547       1.88179438E-05  -2.09383234E-05
   7.89008570       1.86085599E-05  -2.07053472E-05
   7.90008593       1.84015062E-05  -2.04749631E-05
   7.91008615       1.81967571E-05  -2.02471419E-05
   7.92008638       1.79942854E-05  -2.00218565E-05
   7.93008661       1.77940674E-05  -1.97990776E-05
   7.94008684       1.75960758E-05  -1.95787779E-05
   7.95008707       1.74002889E-05  -1.93609285E-05
   7.96008730       1.72066793E-05  -1.91455038E-05
   7.97008753       1.70152234E-05  -1.89324765E-05
   7.98008776       1.68258994E-05  -1.87218193E-05
   7.99008799       1.66386817E-05  -1.85135050E-05
   8.00008774       1.64535468E-05  -1.83075099E-05
   8.01008797       1.62704710E-05  -1.81038067E-05
   8.02008820       1.60894324E-05  -1.79023700E-05
   8.03008842       1.59104093E-05  -1.77031743E-05
   8.04008865       1.57333779E-05  -1.75061941E-05
   8.05008888       1.55583166E-05  -1.73114058E-05
   8.06008911       1.53852034E-05  -1.71187858E-05
   8.07008934       1.52140155E-05  -1.69283085E-05
   8.08008957       1.50447322E-05  -1.67399503E-05
   8.09008980       1.48773324E-05  -1.65536894E-05
   8.10009003       1.47117953E-05  -1.63695004E-05
   8.11009026       1.45480999E-05  -1.61873595E-05
   8.12009048       1.43862262E-05  -1.60072468E-05
   8.13009071       1.42261533E-05  -1.58291368E-05
   8.14009094       1.40678621E-05  -1.56530095E-05
   8.15009117       1.39113317E-05  -1.54788413E-05
   8.16009140       1.37565430E-05  -1.53066121E-05
   8.17009163       1.36034769E-05  -1.51362983E-05
   8.18009186       1.34521142E-05  -1.49678799E-05
   8.19009209       1.33024350E-05  -1.48013351E-05
   8.20009232       1.31544220E-05  -1.46366438E-05
   8.21009254       1.30080552E-05  -1.44737851E-05
   8.22009277       1.28633174E-05  -1.43127381E-05
   8.23009300       1.27201902E-05  -1.41534829E-05
   8.24009323       1.25786555E-05  -1.39960002E-05
   8.25009346       1.24386952E-05  -1.38402693E-05
   8.26009369       1.23002928E-05  -1.36862718E-05
   8.27009392       1.21634303E-05  -1.35339878E-05
   8.28009415       1.20280902E-05  -1.33833983E-05
   8.29009438       1.18942562E-05  -1.32344840E-05
   8.30009460       1.17619111E-05  -1.30872268E-05
   8.31009483       1.16310384E-05  -1.29416076E-05
   8.32009506       1.15016228E-05  -1.27976091E-05
   8.33009529       1.13736469E-05  -1.26552131E-05
   8.34009552       1.12470943E-05  -1.25144015E-05
   8.35009575       1.11219506E-05  -1.23751561E-05
   8.36009598       1.09981993E-05  -1.22374604E-05
   8.37009621       1.08758250E-05  -1.21012972E-05
   8.38009644       1.07548121E-05  -1.19666483E-05
   8.39009666       1.06351454E-05  -1.18334983E-05
   8.40009689       1.05168101E-05  -1.17018299E-05
   8.41009712       1.03997918E-05  -1.15716257E-05
   8.42009735       1.02840759E-05  -1.14428703E-05
   8.43009758       1.01696469E-05  -1.13155484E-05
   8.44009781       1.00564912E-05  -1.11896425E-05
   8.45009804       9.94459515E-06  -1.10651381E-05
   8.46009827       9.83394420E-06  -1.09420189E-05
   8.47009850       9.72452381E-06  -1.08202694E-05
   8.48009872       9.61632122E-06  -1.06998741E-05
   8.49009895       9.50932281E-06  -1.05808194E-05
   8.50009918       9.40351492E-06  -1.04630890E-05
   8.51009941       9.29888392E-06  -1.03466682E-05
   8.52009964       9.19541708E-06  -1.02315435E-05
   8.53009987       9.09310165E-06  -1.01176993E-05
   8.54010010       8.99192491E-06  -1.00051220E-05
   8.55010033       8.89187413E-06  -9.89379714E-06
   8.56010056       8.79293657E-06  -9.78371099E-06
   8.57010078       8.69509950E-06  -9.67484993E-06
   8.58010101       8.59835109E-06  -9.56720032E-06
   8.59010124       8.50267952E-06  -9.46074852E-06
   8.60010147       8.40807206E-06  -9.35548087E-06
   8.61010170       8.31451689E-06  -9.25138465E-06
   8.62010193       8.22200309E-06  -9.14844622E-06
   8.63010216       8.13051884E-06  -9.04665376E-06
   8.64010239       8.04005231E-06  -8.94599361E-06
   8.65010262       7.95059259E-06  -8.84645306E-06
   8.66010284       7.86212786E-06  -8.74802026E-06
   8.67010307       7.77464811E-06  -8.65068341E-06
   8.68010330       7.68814152E-06  -8.55442886E-06
   8.69010353       7.60259718E-06  -8.45924569E-06
   8.70010376       7.51800462E-06  -8.36512118E-06
   8.71010399       7.43435339E-06  -8.27204440E-06
   8.72010422       7.35163303E-06  -8.18000353E-06
   8.73010445       7.26983308E-06  -8.08898676E-06
   8.74010468       7.18894307E-06  -7.99898226E-06
   8.75010490       7.10895347E-06  -7.90997910E-06
   8.76010513       7.02985380E-06  -7.82196639E-06
   8.77010536       6.95163408E-06  -7.73493321E-06
   8.78010559       6.87428474E-06  -7.64886863E-06
   8.79010582       6.79779623E-06  -7.56376130E-06
   8.80010605       6.72215856E-06  -7.47960121E-06
   8.81010628       6.64736262E-06  -7.39637744E-06
   8.82010651       6.57339888E-06  -7.31407954E-06
   8.83010674       6.50025822E-06  -7.23269750E-06
   8.84010696       6.42793111E-06  -7.15222086E-06
   8.85010719       6.35640890E-06  -7.07263962E-06
   8.86010742       6.28568250E-06  -6.99394377E-06
   8.87010765       6.21574327E-06  -6.91612377E-06
   8.88010788       6.14658211E-06  -6.83916960E-06
   8.89010811       6.07819038E-06  -6.76307172E-06
   8.90010834       6.01055945E-06  -6.68782059E-06
   8.91010857       5.94368112E-06  -6.61340664E-06
   8.92010880       5.87754721E-06  -6.53982079E-06
   8.93010902       5.81214908E-06  -6.46705348E-06
   8.94010925       5.74747855E-06  -6.39509608E-06
   8.95010948       5.68352743E-06  -6.32393903E-06
   8.96010971       5.62028799E-06  -6.25357370E-06
   8.97010994       5.55775205E-06  -6.18399145E-06
   8.98011017       5.49591232E-06  -6.11518362E-06
   8.99011040       5.43476062E-06  -6.04714114E-06
   9.00011063       5.37428923E-06  -5.97985581E-06
   9.01011086       5.31449086E-06  -5.91331946E-06
   9.02011108       5.25535779E-06  -5.84752343E-06
   9.03011131       5.19688274E-06  -5.78245954E-06
   9.04011154       5.13905798E-06  -5.71811916E-06
   9.05011177       5.08187668E-06  -5.65449500E-06
   9.06011200       5.02533157E-06  -5.59157843E-06
   9.07011223       4.96941584E-06  -5.52936217E-06
   9.08011246       4.91412220E-06  -5.46783804E-06
   9.09011269       4.85944383E-06  -5.40699875E-06
   9.10011292       4.80537392E-06  -5.34683613E-06
   9.11011314       4.75190564E-06  -5.28734290E-06
   9.12011337       4.69903216E-06  -5.22851178E-06
   9.13011360       4.64674713E-06  -5.17033550E-06
   9.14011383       4.59504372E-06  -5.11280632E-06
   9.15011406       4.54391557E-06  -5.05591743E-06
   9.16011429       4.49335630E-06  -4.99966154E-06
   9.17011452       4.44335956E-06  -4.94403139E-06
   9.18011475       4.39391943E-06  -4.88902015E-06
   9.19011497       4.34502908E-06  -4.83462100E-06
   9.20011520       4.29668307E-06  -4.78082711E-06
   9.21011543       4.24887457E-06  -4.72763168E-06
   9.22011566       4.20159813E-06  -4.67502832E-06
   9.23011589       4.15484783E-06  -4.62301023E-06
   9.24011612       4.10861776E-06  -4.57157103E-06
   9.25011635       4.06290201E-06  -4.52070390E-06
   9.26011658       4.01769512E-06  -4.47040293E-06
   9.27011681       3.97299118E-06  -4.42066175E-06
   9.28011703       3.92878474E-06  -4.37147401E-06
   9.29011726       3.88506987E-06  -4.32283377E-06
   9.30011749       3.84184159E-06  -4.27473469E-06
   9.31011772       3.79909420E-06  -4.22717085E-06
   9.32011795       3.75682248E-06  -4.18013587E-06
   9.33011818       3.71502119E-06  -4.13362432E-06
   9.34011841       3.67368489E-06  -4.08763026E-06
   9.35011864       3.63280856E-06  -4.04214825E-06
   9.36011887       3.59238697E-06  -3.99717192E-06
   9.37011909       3.55241536E-06  -3.95269626E-06
   9.38011932       3.51288850E-06  -3.90871537E-06
   9.39011955       3.47380137E-06  -3.86522379E-06
   9.40011978       3.43514921E-06  -3.82221651E-06
   9.41012001       3.39692701E-06  -3.77968763E-06
   9.42012024       3.35913023E-06  -3.73763191E-06
   9.43012047       3.32175387E-06  -3.69604413E-06
   9.44012070       3.28479337E-06  -3.65491906E-06
   9.45012093       3.24824418E-06  -3.61425168E-06
   9.46012115       3.21210177E-06  -3.57403678E-06
   9.47012138       3.17636136E-06  -3.53426913E-06
   9.48012161       3.14101862E-06  -3.49494417E-06
   9.49012184       3.10606924E-06  -3.45605667E-06
   9.50012207       3.07150867E-06  -3.41760187E-06
   9.51012230       3.03733259E-06  -3.37957499E-06
   9.52012253       3.00353690E-06  -3.34197125E-06
   9.53012276       2.97011729E-06  -3.30478588E-06
   9.54012299       2.93706944E-06  -3.26801432E-06
   9.55012321       2.90438925E-06  -3.23165182E-06
   9.56012344       2.87207263E-06  -3.19569381E-06
   9.57012367       2.84011571E-06  -3.16013598E-06
   9.58012390       2.80851441E-06  -3.12497377E-06
   9.59012413       2.77726463E-06  -3.09020288E-06
   9.60012436       2.74636250E-06  -3.05581875E-06
   9.61012459       2.71580438E-06  -3.02181729E-06
   9.62012482       2.68558620E-06  -2.98819418E-06
   9.63012505       2.65570429E-06  -2.95494510E-06
   9.64012527       2.62615481E-06  -2.92206619E-06
   9.65012550       2.59693411E-06  -2.88955289E-06
   9.66012573       2.56803855E-06  -2.85740134E-06
   9.67012596       2.53946450E-06  -2.82560768E-06
   9.68012619       2.51120832E-06  -2.79416781E-06
   9.69012642       2.48326660E-06  -2.76307765E-06
   9.70012665       2.45563592E-06  -2.73233354E-06
   9.71012688       2.42831265E-06  -2.70193141E-06
   9.72012711       2.40129339E-06  -2.67186761E-06
   9.73012733       2.37457471E-06  -2.64213827E-06
   9.74012756       2.34815343E-06  -2.61273976E-06
   9.75012779       2.32202592E-06  -2.58366845E-06
   9.76012802       2.29618922E-06  -2.55492046E-06
   9.77012825       2.27063992E-06  -2.52649238E-06
   9.78012848       2.24537507E-06  -2.49838058E-06
   9.79012871       2.22039125E-06  -2.47058165E-06
   9.80012894       2.19568551E-06  -2.44309194E-06
   9.81012917       2.17125466E-06  -2.41590828E-06
   9.82012939       2.14709553E-06  -2.38902703E-06
   9.83012962       2.12320515E-06  -2.36244477E-06
   9.84012985       2.09958080E-06  -2.33615833E-06
   9.85013008       2.07621929E-06  -2.31016452E-06
   9.86013031       2.05311767E-06  -2.28445992E-06
   9.87013054       2.03027298E-06  -2.25904114E-06
   9.88013077       2.00768250E-06  -2.23390521E-06
   9.89013100       1.98534349E-06  -2.20904894E-06
   9.90013123       1.96325300E-06  -2.18446939E-06
   9.91013145       1.94140830E-06  -2.16016338E-06
   9.92013168       1.91980666E-06  -2.13612770E-06
   9.93013191       1.89844536E-06  -2.11235943E-06
   9.94013214       1.87732178E-06  -2.08885558E-06
   9.95013237       1.85643319E-06  -2.06561344E-06
   9.96013260       1.83577708E-06  -2.04262983E-06
   9.97013283       1.81535074E-06  -2.01990201E-06
   9.98013306       1.79515177E-06  -1.99742703E-06
   9.99013329       1.77517745E-06  -1.97520217E-06
   10.0001335       1.75542539E-06  -1.95322446E-06
