   0.00000000       0.00000000       1.00000000    
   9.99999978E-03   9.99999978E-03  0.994000018    
   1.99999996E-02   1.99400000E-02  0.987035990    
   2.99999993E-02   2.98103597E-02  0.979119778    
   3.99999991E-02   3.96015570E-02  0.970264018    
   4.99999970E-02   4.93041947E-02  0.960482299    
   5.99999949E-02   5.89090176E-02  0.949788988    
   6.99999928E-02   6.84069097E-02  0.938199341    
   7.99999908E-02   7.77889043E-02  0.925729454    
   8.99999887E-02   8.70461985E-02  0.912396193    
   9.99999866E-02   9.61701572E-02  0.898217201    
  0.109999985      0.105152331      0.883210897    
  0.119999982      0.113984443      0.867396414    
  0.129999980      0.122658409      0.850793600    
  0.139999986      0.131166339      0.833423018    
  0.149999991      0.139500573      0.815305829    
  0.159999996      0.147653624      0.796463966    
  0.170000002      0.155618265      0.776919842    
  0.180000007      0.163387462      0.756696522    
  0.190000013      0.170954421      0.735817611    
  0.200000018      0.178312600      0.714307249    
  0.210000023      0.185455665      0.692190170    
  0.220000029      0.192377567      0.669491470    
  0.230000034      0.199072480      0.646236777    
  0.240000039      0.205534846      0.622452140    
  0.250000030      0.211759374      0.598163962    
  0.260000020      0.217741013      0.573399067    
  0.270000011      0.223475009      0.548184574    
  0.280000001      0.228956848      0.522547960    
  0.289999992      0.234182328      0.496516973    
  0.299999982      0.239147499      0.470119625    
  0.309999973      0.243848696      0.443384171    
  0.319999963      0.248282537      0.416339010    
  0.329999954      0.252445936      0.389012724    
  0.339999944      0.256336063      0.361434042    
  0.349999934      0.259950399      0.333631843    
  0.359999925      0.263286710      0.305635005    
  0.369999915      0.266343057      0.277472526    
  0.379999906      0.269117773      0.249173388    
  0.389999896      0.271609515      0.220766574    
  0.399999887      0.273817182      0.192281023    
  0.409999877      0.275739998      0.163745612    
  0.419999868      0.277377456      0.135189146    
  0.429999858      0.278729349      0.106640264    
  0.439999849      0.279795766       7.81274885E-02
  0.449999839      0.280577034       4.96791489E-02
  0.459999830      0.281073838       2.13233698E-02
  0.469999820      0.281287074      -6.91195391E-03
  0.479999810      0.281217963      -3.49991918E-02
  0.489999801      0.280867964      -6.29109889E-02
  0.499999791      0.280238867      -9.06203240E-02
  0.509999812      0.279332668     -0.118100487    
  0.519999802      0.278151661     -0.145325154    
  0.529999793      0.276698411     -0.172268361    
  0.539999783      0.274975717     -0.198904589    
  0.549999774      0.272986680     -0.225208730    
  0.559999764      0.270734578     -0.251156151    
  0.569999754      0.268223017     -0.276722670    
  0.579999745      0.265455782     -0.301884621    
  0.589999735      0.262436926     -0.326618880    
  0.599999726      0.259170741     -0.350902855    
  0.609999716      0.255661726     -0.374714524    
  0.619999707      0.251914591     -0.398032397    
  0.629999697      0.247934267     -0.420835674    
  0.639999688      0.243725911     -0.443104088    
  0.649999678      0.239294872     -0.464818060    
  0.659999669      0.234646693     -0.485958636    
  0.669999659      0.229787111     -0.506507576    
  0.679999650      0.224722043     -0.526447237    
  0.689999640      0.219457567     -0.545760751    
  0.699999630      0.213999957     -0.564431965    
  0.709999621      0.208355635     -0.582445383    
  0.719999611      0.202531189     -0.599786282    
  0.729999602      0.196533322     -0.616440654    
  0.739999592      0.190368921     -0.632395327    
  0.749999583      0.184044972     -0.647637844    
  0.759999573      0.177568600     -0.662156522    
  0.769999564      0.170947030     -0.675940454    
  0.779999554      0.164187625     -0.688979506    
  0.789999545      0.157297835     -0.701264381    
  0.799999535      0.150285184     -0.712786555    
  0.809999526      0.143157318     -0.723538339    
  0.819999516      0.135921940     -0.733512819    
  0.829999506      0.128586814     -0.742703915    
  0.839999497      0.121159777     -0.751106381    
  0.849999487      0.113648713     -0.758715749    
  0.859999478      0.106061555     -0.765528321    
  0.869999468       9.84062701E-02 -0.771541297    
  0.879999459       9.06908587E-02 -0.776752651    
  0.889999449       8.29233304E-02 -0.781161249    
  0.899999440       7.51117170E-02 -0.784766614    
  0.909999430       6.72640502E-02 -0.787569165    
  0.919999421       5.93883581E-02 -0.789570153    
  0.929999411       5.14926575E-02 -0.790771544    
  0.939999402       4.35849428E-02 -0.791176200    
  0.949999392       3.56731787E-02 -0.790787637    
  0.959999382       2.77653039E-02 -0.789610207    
  0.969999373       1.98692009E-02 -0.787649095    
  0.979999363       1.19927097E-02 -0.784910142    
  0.989999354       4.14360873E-03 -0.781399965    
  0.999999344      -3.67039070E-03 -0.777125955    
   1.00999939      -1.14416499E-02 -0.772096157    
   1.01999938      -1.91626102E-02 -0.766319394    
   1.02999938      -2.68258043E-02 -0.759805202    
   1.03999937      -3.44238579E-02 -0.752563775    
   1.04999936      -4.19494957E-02 -0.744606018    
   1.05999935      -4.93955538E-02 -0.735943437    
   1.06999934      -5.67549877E-02 -0.726588249    
   1.07999933      -6.40208721E-02 -0.716553211    
   1.08999932      -7.11864009E-02 -0.705851793    
   1.09999931      -7.82449171E-02 -0.694498062    
   1.10999930      -8.51898938E-02 -0.682506561    
   1.11999929      -9.20149609E-02 -0.669892550    
   1.12999928      -9.87138897E-02 -0.656671703    
   1.13999927     -0.105280608     -0.642860293    
   1.14999926     -0.111709207     -0.628475070    
   1.15999925     -0.117993958     -0.613533318    
   1.16999924     -0.124129288     -0.598052740    
   1.17999923     -0.130109817     -0.582051516    
   1.18999922     -0.135930330     -0.565548241    
   1.19999921     -0.141585812     -0.548561931    
   1.20999920     -0.147071436     -0.531111956    
   1.21999919     -0.152382553     -0.513218164    
   1.22999918     -0.157514736     -0.494900614    
   1.23999918     -0.162463740     -0.476179749    
   1.24999917     -0.167225540     -0.457076311    
   1.25999916     -0.171796307     -0.437611312    
   1.26999915     -0.176172420     -0.417806000    
   1.27999914     -0.180350482     -0.397681922    
   1.28999913     -0.184327304     -0.377260774    
   1.29999912     -0.188099906     -0.356564492    
   1.30999911     -0.191665545     -0.335615128    
   1.31999910     -0.195021689     -0.314434886    
   1.32999909     -0.198166043     -0.293046117    
   1.33999908     -0.201096505     -0.271471232    
   1.34999907     -0.203811213     -0.249732763    
   1.35999906     -0.206308544     -0.227853239    
   1.36999905     -0.208587080     -0.205855265    
   1.37999904     -0.210645631     -0.183761418    
   1.38999903     -0.212483242     -0.161594287    
   1.39999902     -0.214099184     -0.139376402    
   1.40999901     -0.215492949     -0.117130227    
   1.41999900     -0.216664255      -9.48781520E-02
   1.42999899     -0.217613041      -7.26424605E-02
   1.43999898     -0.218339473      -5.04453033E-02
   1.44999897     -0.218843922      -2.83086877E-02
   1.45999897     -0.219127014      -6.25444204E-03
   1.46999896     -0.219189554       1.56957861E-02
   1.47999895     -0.219032601       3.75205651E-02
   1.48999894     -0.218657389       5.91986999E-02
   1.49999893     -0.218065396       8.07092488E-02
   1.50999892     -0.217258304      0.102031529    
   1.51999891     -0.216237992      0.123145171    
   1.52999890     -0.215006545      0.144030094    
   1.53999889     -0.213566244      0.164666563    
   1.54999888     -0.211919576      0.185035184    
   1.55999887     -0.210069224      0.205116928    
   1.56999886     -0.208018050      0.224893153    
   1.57999885     -0.205769122      0.244345605    
   1.58999884     -0.203325659      0.263456434    
   1.59999883     -0.200691089      0.282208264    
   1.60999882     -0.197869003      0.300584137    
   1.61999881     -0.194863155      0.318567544    
   1.62999880     -0.191677481      0.336142451    
   1.63999879     -0.188316062      0.353293329    
   1.64999878     -0.184783131      0.370005161    
   1.65999877     -0.181083083      0.386263430    
   1.66999876     -0.177220449      0.402054161    
   1.67999876     -0.173199907      0.417363882    
   1.68999875     -0.169026271      0.432179689    
   1.69999874     -0.164704472      0.446489245    
   1.70999873     -0.160239577      0.460280746    
   1.71999872     -0.155636773      0.473543018    
   1.72999871     -0.150901347      0.486265451    
   1.73999870     -0.146038696      0.498438001    
   1.74999869     -0.141054317      0.510051250    
   1.75999868     -0.135953799      0.521096349    
   1.76999867     -0.130742833      0.531565130    
   1.77999866     -0.125427186      0.541450024    
   1.78999865     -0.120012686      0.550744057    
   1.79999864     -0.114505246      0.559440851    
   1.80999863     -0.108910836      0.567534745    
   1.81999862     -0.103235491      0.575020611    
   1.82999861      -9.74852815E-02  0.581894040    
   1.83999860      -9.16663408E-02  0.588151217    
   1.84999859      -8.57848302E-02  0.593788922    
   1.85999858      -7.98469409E-02  0.598804653    
   1.86999857      -7.38588944E-02  0.603196502    
   1.87999856      -6.78269267E-02  0.606963217    
   1.88999856      -6.17572963E-02  0.610104144    
   1.89999855      -5.56562543E-02  0.612619221    
   1.90999854      -4.95300628E-02  0.614509106    
   1.91999853      -4.33849730E-02  0.615775049    
   1.92999852      -3.72272208E-02  0.616418898    
   1.93999851      -3.10630314E-02  0.616443098    
   1.94999850      -2.48985998E-02  0.615850747    
   1.95999849      -1.87400915E-02  0.614645481    
   1.96999848      -1.25936363E-02  0.612831593    
   1.97999847      -6.46532048E-03  0.610413969    
   1.98999846      -3.61180864E-04  0.607398033    
   1.99999845       5.71279926E-03  0.603789747    
   2.00999856       1.17506962E-02  0.599595726    
   2.01999855       1.77466534E-02  0.594823062    
   2.02999854       2.36948840E-02  0.589479446    
   2.03999853       2.95896791E-02  0.583573103    
   2.04999852       3.54254097E-02  0.577112675    
   2.05999851       4.11965363E-02  0.570107460    
   2.06999850       4.68976125E-02  0.562567174    
   2.07999849       5.25232852E-02  0.554502010    
   2.08999848       5.80683053E-02  0.545922697    
   2.09999847       6.35275319E-02  0.536840320    
   2.10999846       6.88959360E-02  0.527266502    
   2.11999846       7.41686001E-02  0.517213285    
   2.12999845       7.93407336E-02  0.506693125    
   2.13999844       8.44076648E-02  0.495718896    
   2.14999843       8.93648565E-02  0.484303832    
   2.15999842       9.42078978E-02  0.472461522    
   2.16999841       9.89325121E-02  0.460205972    
   2.17999840      0.103534572      0.447551489    
   2.18999839      0.108010083      0.434512734    
   2.19999838      0.112355210      0.421104640    
   2.20999837      0.116566256      0.407342494    
   2.21999836      0.120639682      0.393241823    
   2.22999835      0.124572098      0.378818393    
   2.23999834      0.128360286      0.364088267    
   2.24999833      0.132001162      0.349067718    
   2.25999832      0.135491833      0.333773196    
   2.26999831      0.138829559      0.318221360    
   2.27999830      0.142011777      0.302429080    
   2.28999829      0.145036072      0.286413312    
   2.29999828      0.147900209      0.270191222    
   2.30999827      0.150602117      0.253780067    
   2.31999826      0.153139919      0.237197176    
   2.32999825      0.155511886      0.220459998    
   2.33999825      0.157716483      0.203586042    
   2.34999824      0.159752339      0.186592877    
   2.35999823      0.161618263      0.169498086    
   2.36999822      0.163313240      0.152319267    
   2.37999821      0.164836437      0.135074034    
   2.38999820      0.166187182      0.117779948    
   2.39999819      0.167364985      0.100454554    
   2.40999818      0.168369532       8.31153244E-02
   2.41999817      0.169200689       6.57796785E-02
   2.42999816      0.169858485       4.84649315E-02
   2.43999815      0.170343131       3.11882924E-02
   2.44999814      0.170655012       1.39668509E-02
   2.45999813      0.170794681      -3.18245031E-03
   2.46999812      0.170762852      -2.02428233E-02
   2.47999811      0.170560420      -3.71976495E-02
   2.48999810      0.170188442      -5.40305078E-02
   2.49999809      0.169648141      -7.07251728E-02
   2.50999808      0.168940887      -8.72656330E-02
   2.51999807      0.168068230     -0.103636131    
   2.52999806      0.167031869     -0.119821139    
   2.53999805      0.165833652     -0.135805398    
   2.54999804      0.164475605     -0.151573926    
   2.55999804      0.162959859     -0.167112038    
   2.56999803      0.161288738     -0.182405353    
   2.57999802      0.159464687     -0.197439790    
   2.58999801      0.157490283     -0.212201625    
   2.59999800      0.155368268     -0.226677448    
   2.60999799      0.153101489     -0.240854204    
   2.61999798      0.150692940     -0.254719228    
   2.62999797      0.148145750     -0.268260211    
   2.63999796      0.145463154     -0.281465232    
   2.64999795      0.142648503     -0.294322759    
   2.65999794      0.139705271     -0.306821674    
   2.66999793      0.136637047     -0.318951279    
   2.67999792      0.133447528     -0.330701262    
   2.68999791      0.130140513     -0.342061818    
   2.69999790      0.126719892     -0.353023499    
   2.70999789      0.123189658     -0.363577336    
   2.71999788      0.119553886     -0.373714834    
   2.72999787      0.115816735     -0.383427948    
   2.73999786      0.111982457     -0.392709047    
   2.74999785      0.108055368     -0.401551038    
   2.75999784      0.104039855     -0.409947276    
   2.76999784       9.99403819E-02 -0.417891592    
   2.77999783       9.57614630E-02 -0.425378293    
   2.78999782       9.15076807E-02 -0.432402164    
   2.79999781       8.71836618E-02 -0.438958526    
   2.80999780       8.27940777E-02 -0.445043147    
   2.81999779       7.83436447E-02 -0.450652301    
   2.82999778       7.38371238E-02 -0.455782741    
   2.83999777       6.92792982E-02 -0.460431755    
   2.84999776       6.46749809E-02 -0.464597106    
   2.85999775       6.00290112E-02 -0.468277007    
   2.86999774       5.53462431E-02 -0.471470237    
   2.87999773       5.06315418E-02 -0.474176049    
   2.88999772       4.58897799E-02 -0.476394147    
   2.89999771       4.11258377E-02 -0.478124768    
   2.90999770       3.63445915E-02 -0.479368597    
   2.91999769       3.15509066E-02 -0.480126858    
   2.92999768       2.67496370E-02 -0.480401188    
   2.93999767       2.19456255E-02 -0.480193734    
   2.94999766       1.71436891E-02 -0.479507148    
   2.95999765       1.23486184E-02 -0.478344470    
   2.96999764       7.56517379E-03 -0.476709276    
   2.97999763       2.79808091E-03 -0.474605531    
   2.98999763      -1.94797432E-03 -0.472037703    
   2.99999762      -6.66835112E-03 -0.469010681    
   3.00999761      -1.13584576E-02 -0.465529770    
   3.01999760      -1.60137545E-02 -0.461600751    
   3.02999759      -2.06297617E-02 -0.457229763    
   3.03999758      -2.52020583E-02 -0.452423394    
   3.04999757      -2.97262929E-02 -0.447188646    
   3.05999756      -3.41981798E-02 -0.441532880    
   3.06999755      -3.86135094E-02 -0.435463876    
   3.07999754      -4.29681465E-02 -0.428989738    
   3.08999753      -4.72580418E-02 -0.422118992    
   3.09999752      -5.14792316E-02 -0.414860487    
   3.10999751      -5.56278378E-02 -0.407223403    
   3.11999750      -5.97000718E-02 -0.399217278    
   3.12999749      -6.36922419E-02 -0.390851974    
   3.13999748      -6.76007643E-02 -0.382137626    
   3.14999747      -7.14221373E-02 -0.373084724    
   3.15999746      -7.51529858E-02 -0.363703996    
   3.16999745      -7.87900239E-02 -0.354006469    
   3.17999744      -8.23300853E-02 -0.344003439    
   3.18999743      -8.57701227E-02 -0.333706409    
   3.19999743      -8.91071856E-02 -0.323127151    
   3.20999742      -9.23384577E-02 -0.312277675    
   3.21999741      -9.54612345E-02 -0.301170170    
   3.22999740      -9.84729379E-02 -0.289817035    
   3.23999739     -0.101371109     -0.278230846    
   3.24999738     -0.104153417     -0.266424358    
   3.25999737     -0.106817663     -0.254410475    
   3.26999736     -0.109361768     -0.242202252    
   3.27999735     -0.111783788     -0.229812860    
   3.28999734     -0.114081919     -0.217255607    
   3.29999733     -0.116254479     -0.204543889    
   3.30999732     -0.118299916     -0.191691175    
   3.31999731     -0.120216832     -0.178711042    
   3.32999730     -0.122003943     -0.165617093    
   3.33999729     -0.123660117     -0.152422994    
   3.34999728     -0.125184342     -0.139142439    
   3.35999727     -0.126575768     -0.125789151    
   3.36999726     -0.127833664     -0.112376839    
   3.37999725     -0.128957435      -9.89192128E-02
   3.38999724     -0.129946634      -8.54299515E-02
   3.39999723     -0.130800933      -7.19227046E-02
   3.40999722     -0.131520167      -5.84110767E-02
   3.41999722     -0.132104278      -4.49085943E-02
   3.42999721     -0.132553369      -3.14287171E-02
   3.43999720     -0.132867649      -1.79848075E-02
   3.44999719     -0.133047491      -4.59013507E-03
   3.45999718     -0.133093387       8.74215271E-03
   3.46999717     -0.133005962       2.19990388E-02
   3.47999716     -0.132785976       3.51676419E-02
   3.48999715     -0.132434294       4.82352339E-02
   3.49999714     -0.131951943       6.11892529E-02
   3.50999713     -0.131340057       7.40173087E-02
   3.51999712     -0.130599886       8.67072120E-02
   3.52999711     -0.129732817       9.92469564E-02
   3.53999710     -0.128740340      0.111624755    
   3.54999709     -0.127624094      0.123829037    
   3.55999708     -0.126385808      0.135848477    
   3.56999707     -0.125027329      0.147671968    
   3.57999706     -0.123550609      0.159288675    
   3.58999705     -0.121957719      0.170688003    
   3.59999704     -0.120250836      0.181859642    
   3.60999703     -0.118432239      0.192793563    
   3.61999702     -0.116504304      0.203480020    
   3.62999701     -0.114469506      0.213909566    
   3.63999701     -0.112330407      0.224073052    
   3.64999700     -0.110089675      0.233961657    
   3.65999699     -0.107750058      0.243566856    
   3.66999698     -0.105314389      0.252880454    
   3.67999697     -0.102785587      0.261894614    
   3.68999696     -0.100166641      0.270601809    
   3.69999695      -9.74606201E-02  0.278994858    
   3.70999694      -9.46706682E-02  0.287066936    
   3.71999693      -9.17999968E-02  0.294811606    
   3.72999692      -8.88518840E-02  0.302222729    
   3.73999691      -8.58296603E-02  0.309294581    
   3.74999690      -8.27367157E-02  0.316021770    
   3.75999689      -7.95764998E-02  0.322399318    
   3.76999688      -7.63525069E-02  0.328422576    
   3.77999687      -7.30682835E-02  0.334087282    
   3.78999686      -6.97274134E-02  0.339389592    
   3.79999685      -6.63335174E-02  0.344325989    
   3.80999684      -6.28902614E-02  0.348893374    
   3.81999683      -5.94013259E-02  0.353089035    
   3.82999682      -5.58704361E-02  0.356910646    
   3.83999681      -5.23013286E-02  0.360356212    
   3.84999681      -4.86977659E-02  0.363424212    
   3.85999680      -4.50635254E-02  0.366113454    
   3.86999679      -4.14023921E-02  0.368423134    
   3.87999678      -3.77181619E-02  0.370352834    
   3.88999677      -3.40146348E-02  0.371902525    
   3.89999676      -3.02956104E-02  0.373072565    
   3.90999675      -2.65648849E-02  0.373863697    
   3.91999674      -2.28262488E-02  0.374276996    
   3.92999673      -1.90834794E-02  0.374313951    
   3.93999672      -1.53403403E-02  0.373976409    
   3.94999671      -1.16005763E-02  0.373266578    
   3.95999670      -7.86791090E-03  0.372187048    
   3.96999669      -4.14604042E-03  0.370740712    
   3.97999668      -4.38633375E-04  0.368930876    
   3.98999667       3.25067528E-03  0.366761148    
   3.99999666       6.91828690E-03  0.364235520    
   4.00999689       1.05606420E-02  0.361358285    
   4.01999712       1.41742248E-02  0.358134061    
   4.02999735       1.77555643E-02  0.354567826    
   4.03999758       2.13012435E-02  0.350664854    
   4.04999781       2.48078927E-02  0.346430749    
   4.05999804       2.82722004E-02  0.341871381    
   4.06999826       3.16909142E-02  0.336992919    
   4.07999849       3.50608416E-02  0.331801862    
   4.08999872       3.83788608E-02  0.326304972    
   4.09999895       4.16419096E-02  0.320509255    
   4.10999918       4.48470004E-02  0.314422011    
   4.11999941       4.79912199E-02  0.308050781    
   4.12999964       5.10717258E-02  0.301403344    
   4.13999987       5.40857576E-02  0.294487745    
   4.15000010       5.70306331E-02  0.287312239    
   4.16000032       5.99037558E-02  0.279885292    
   4.17000055       6.27026111E-02  0.272215605    
   4.18000078       6.54247701E-02  0.264312059    
   4.19000101       6.80678934E-02  0.256183714    
   4.20000124       7.06297308E-02  0.247839823    
   4.21000147       7.31081292E-02  0.239289805    
   4.22000170       7.55010247E-02  0.230543256    
   4.23000193       7.78064579E-02  0.221609890    
   4.24000216       8.00225586E-02  0.212499589    
   4.25000238       8.21475536E-02  0.203222334    
   4.26000261       8.41797739E-02  0.193788245    
   4.27000284       8.61176550E-02  0.184207544    
   4.28000307       8.79597291E-02  0.174490526    
   4.29000330       8.97046328E-02  0.164647609    
   4.30000353       9.13511068E-02  0.154689267    
   4.31000376       9.28979963E-02  0.144626021    
   4.32000399       9.43442583E-02  0.134468466    
   4.33000422       9.56889465E-02  0.124227226    
   4.34000444       9.69312191E-02  0.113912970    
   4.35000467       9.80703458E-02  0.103536367    
   4.36000490       9.91057083E-02   9.31081176E-02
   4.37000513      0.100036792       8.26388970E-02
   4.38000536      0.100863181       7.21393824E-02
   4.39000559      0.101584576       6.16202280E-02
   4.40000582      0.102200776       5.10920510E-02
   4.41000605      0.102711700       4.05654199E-02
   4.42000628      0.103117354       3.00508570E-02
   4.43000650      0.103417866       1.95588171E-02
   4.44000673      0.103613451       9.09967814E-03
   4.45000696      0.103704445      -1.31626427E-03
   4.46000719      0.103691280      -1.16788102E-02
   4.47000742      0.103574492      -2.19778642E-02
   4.48000765      0.103354715      -3.22034471E-02
   4.49000788      0.103032678      -4.23456989E-02
   4.50000811      0.102609225      -5.23948930E-02
   4.51000834      0.102085277      -6.23414442E-02
   4.52000856      0.101461865      -7.21759200E-02
   4.53000879      0.100740105      -8.18890482E-02
   4.54000902       9.99212116E-02  -9.14717242E-02
   4.55000925       9.90064964E-02 -0.100915015    
   4.56000948       9.79973450E-02 -0.110210173    
   4.57000971       9.68952402E-02 -0.119348645    
   4.58000994       9.57017541E-02 -0.128322080    
   4.59001017       9.44185331E-02 -0.137122318    
   4.60001040       9.30473134E-02 -0.145741433    
   4.61001062       9.15898979E-02 -0.154171720    
   4.62001085       9.00481790E-02 -0.162405685    
   4.63001108       8.84241238E-02 -0.170436069    
   4.64001131       8.67197663E-02 -0.178255871    
   4.65001154       8.49372074E-02 -0.185858309    
   4.66001177       8.30786228E-02 -0.193236887    
   4.67001200       8.11462551E-02 -0.200385332    
   4.68001223       7.91423991E-02 -0.207297638    
   4.69001245       7.70694241E-02 -0.213968098    
   4.70001268       7.49297440E-02 -0.220391229    
   4.71001291       7.27258325E-02 -0.226561859    
   4.72001314       7.04602152E-02 -0.232475072    
   4.73001337       6.81354627E-02 -0.238126248    
   4.74001360       6.57541975E-02 -0.243511036    
   4.75001383       6.33190870E-02 -0.248625383    
   4.76001406       6.08328320E-02 -0.253465533    
   4.77001429       5.82981780E-02 -0.258028030    
   4.78001451       5.57178967E-02 -0.262309670    
   4.79001474       5.30948006E-02 -0.266307592    
   4.80001497       5.04317246E-02 -0.270019233    
   4.81001520       4.77315336E-02 -0.273442298    
   4.82001543       4.49971110E-02 -0.276574790    
   4.83001566       4.22313623E-02 -0.279415041    
   4.84001589       3.94372120E-02 -0.281961679    
   4.85001612       3.66175957E-02 -0.284213632    
   4.86001635       3.37754600E-02 -0.286170125    
   4.87001657       3.09137590E-02 -0.287830651    
   4.88001680       2.80354526E-02 -0.289195031    
   4.89001703       2.51435023E-02 -0.290263414    
   4.90001726       2.22408678E-02 -0.291036189    
   4.91001749       1.93305053E-02 -0.291514069    
   4.92001772       1.64153650E-02 -0.291698039    
   4.93001795       1.34983845E-02 -0.291589379    
   4.94001818       1.05824908E-02 -0.291189671    
   4.95001841       7.67059438E-03 -0.290500790    
   4.96001863       4.76558646E-03 -0.289524853    
   4.97001886       1.87033811E-03 -0.288264275    
   4.98001909      -1.01230456E-03 -0.286721736    
   4.99001932      -3.87952197E-03 -0.284900188    
   5.00001955      -6.72852388E-03 -0.282802820    
   5.01001978      -9.55655240E-03 -0.280433148    
   5.02002001      -1.23608839E-02 -0.277794898    
   5.03002024      -1.51388329E-02 -0.274892032    
   5.04002047      -1.78877525E-02 -0.271728784    
   5.05002069      -2.06050407E-02 -0.268309623    
   5.06002092      -2.32881363E-02 -0.264639258    
   5.07002115      -2.59345286E-02 -0.260722607    
   5.08002138      -2.85417549E-02 -0.256564826    
   5.09002161      -3.11074033E-02 -0.252171248    
   5.10002184      -3.36291157E-02 -0.247547477    
   5.11002207      -3.61045897E-02 -0.242699280    
   5.12002230      -3.85315828E-02 -0.237632632    
   5.13002253      -4.09079082E-02 -0.232353672    
   5.14002275      -4.32314463E-02 -0.226868764    
   5.15002298      -4.55001332E-02 -0.221184403    
   5.16002321      -4.77119759E-02 -0.215307280    
   5.17002344      -4.98650484E-02 -0.209244236    
   5.18002367      -5.19574918E-02 -0.203002259    
   5.19002390      -5.39875142E-02 -0.196588501    
   5.20002413      -5.59533983E-02 -0.190010220    
   5.21002436      -5.78535013E-02 -0.183274820    
   5.22002459      -5.96862510E-02 -0.176389828    
   5.23002481      -6.14501499E-02 -0.169362858    
   5.24002504      -6.31437749E-02 -0.162201673    
   5.25002527      -6.47657886E-02 -0.154914081    
   5.26002550      -6.63149282E-02 -0.147508025    
   5.27002573      -6.77900091E-02 -0.139991492    
   5.28002596      -6.91899210E-02 -0.132372543    
   5.29002619      -7.05136433E-02 -0.124659315    
   5.30002642      -7.17602372E-02 -0.116859995    
   5.31002665      -7.29288384E-02 -0.108982809    
   5.32002687      -7.40186647E-02 -0.101036027    
   5.33002710      -7.50290230E-02  -9.30279419E-02
   5.34002733      -7.59593025E-02  -8.49668682E-02
   5.35002756      -7.68089741E-02  -7.68611357E-02
   5.36002779      -7.75775835E-02  -6.87190741E-02
   5.37002802      -7.82647729E-02  -6.05490021E-02
   5.38002825      -7.88702592E-02  -5.23592308E-02
   5.39002848      -7.93938488E-02  -4.41580489E-02
   5.40002871      -7.98354298E-02  -3.59537154E-02
   5.41002893      -8.01949650E-02  -2.77544502E-02
   5.42002916      -8.04725066E-02  -1.95684284E-02
   5.43002939      -8.06681886E-02  -1.14037674E-02
   5.44002962      -8.07822272E-02  -3.26852594E-03
   5.45002985      -8.08149129E-02   4.82930709E-03
   5.46003008      -8.07666183E-02   1.28818220E-02
   5.47003031      -8.06377977E-02   2.08811928E-02
   5.48003054      -8.04289877E-02   2.88196858E-02
   5.49003077      -8.01407918E-02   3.66896652E-02
   5.50003099      -7.97738954E-02   4.44836058E-02
   5.51003122      -7.93290585E-02   5.21940924E-02
   5.52003145      -7.88071156E-02   5.98138347E-02
   5.53003168      -7.82089755E-02   6.73356652E-02
   5.54003191      -7.75356218E-02   7.47525468E-02
   5.55003214      -7.67880976E-02   8.20575953E-02
   5.56003237      -7.59675205E-02   8.92440602E-02
   5.57003260      -7.50750825E-02   9.63053480E-02
   5.58003283      -7.41120279E-02  0.103235021    
   5.59003305      -7.30796754E-02  0.110026814    
   5.60003328      -7.19794109E-02  0.116674617    
   5.61003351      -7.08126649E-02  0.123172507    
   5.62003374      -6.95809424E-02  0.129514739    
   5.63003397      -6.82857931E-02  0.135695741    
   5.64003420      -6.69288337E-02  0.141710147    
   5.65003443      -6.55117333E-02  0.147552773    
   5.66003466      -6.40362054E-02  0.153218627    
   5.67003489      -6.25040159E-02  0.158702940    
   5.68003511      -6.09169863E-02  0.164001122    
   5.69003534      -5.92769757E-02  0.169108808    
   5.70003557      -5.75858876E-02  0.174021855    
   5.71003580      -5.58456704E-02  0.178736314    
   5.72003603      -5.40583059E-02  0.183248460    
   5.73003626      -5.22258207E-02  0.187554806    
   5.74003649      -5.03502712E-02  0.191652060    
   5.75003672      -4.84337509E-02  0.195537180    
   5.76003695      -4.64783795E-02  0.199207336    
   5.77003717      -4.44863066E-02  0.202659935    
   5.78003740      -4.24597077E-02  0.205892608    
   5.79003763      -4.04007807E-02  0.208903223    
   5.80003786      -3.83117497E-02  0.211689889    
   5.81003809      -3.61948498E-02  0.214250922    
   5.82003832      -3.40523422E-02  0.216584906    
   5.83003855      -3.18864919E-02  0.218690634    
   5.84003878      -2.96995863E-02  0.220567137    
   5.85003901      -2.74939146E-02  0.222213686    
   5.86003923      -2.52717771E-02  0.223629788    
   5.87003946      -2.30354797E-02  0.224815190    
   5.88003969      -2.07873285E-02  0.225769848    
   5.89003992      -1.85296293E-02  0.226493955    
   5.90004015      -1.62646901E-02  0.226987958    
   5.91004038      -1.39948111E-02  0.227252498    
   5.92004061      -1.17222862E-02  0.227288470    
   5.93004084      -9.44940187E-03  0.227096975    
   5.94004107      -7.17843231E-03  0.226679340    
   5.95004129      -4.91163880E-03  0.226037100    
   5.96004152      -2.65126792E-03  0.225172043    
   5.97004175      -3.99547629E-04  0.224086136    
   5.98004198       1.84131367E-03  0.222781569    
   5.99004221       4.06912901E-03  0.221260741    
   6.00004244       6.28173631E-03  0.219526261    
   6.01004267       8.47699866E-03  0.217580929    
   6.02004290       1.06528085E-02  0.215427741    
   6.03004313       1.28070861E-02  0.213069901    
   6.04004335       1.49377845E-02  0.210510775    
   6.05004358       1.70428921E-02  0.207753927    
   6.06004381       1.91204306E-02  0.204803109    
   6.07004404       2.11684611E-02  0.201662242    
   6.08004427       2.31850836E-02  0.198335424    
   6.09004450       2.51684375E-02  0.194826901    
   6.10004473       2.71167066E-02  0.191141099    
   6.11004496       2.90281177E-02  0.187282577    
   6.12004519       3.09009440E-02  0.183256075    
   6.13004541       3.27335037E-02  0.179066449    
   6.14004564       3.45241688E-02  0.174718708    
   6.15004587       3.62713560E-02  0.170217976    
   6.16004610       3.79735343E-02  0.165569529    
   6.17004633       3.96292284E-02  0.160778761    
   6.18004656       4.12370153E-02  0.155851170    
   6.19004679       4.27955277E-02  0.150792360    
   6.20004702       4.43034507E-02  0.145608053    
   6.21004725       4.57595326E-02  0.140304059    
   6.22004747       4.71625738E-02  0.134886280    
   6.23004770       4.85114381E-02  0.129360706    
   6.24004793       4.98050451E-02  0.123733401    
   6.25004816       5.10423779E-02  0.118010499    
   6.26004839       5.22224829E-02  0.112198196    
   6.27004862       5.33444658E-02  0.106302761    
   6.28004885       5.44074923E-02  0.100330502    
   6.29004908       5.54107986E-02   9.42877680E-02
   6.30004930       5.63536771E-02   8.81809592E-02
   6.31004953       5.72354868E-02   8.20165053E-02
   6.32004976       5.80556504E-02   7.58008584E-02
   6.33004999       5.88136576E-02   6.95404857E-02
   6.34005022       5.95090613E-02   6.32418767E-02
   6.35005045       6.01414815E-02   5.69115207E-02
   6.36005068       6.07105978E-02   5.05559035E-02
   6.37005091       6.12161569E-02   4.41815071E-02
   6.38005114       6.16579726E-02   3.77948023E-02
   6.39005136       6.20359220E-02   3.14022377E-02
   6.40005159       6.23499453E-02   2.50102319E-02
   6.41005182       6.26000464E-02   1.86251756E-02
   6.42005205       6.27862960E-02   1.22534204E-02
   6.43005228       6.29088283E-02   5.90127055E-03
   6.44005251       6.29678443E-02  -4.25019767E-04
   6.45005274       6.29635975E-02  -6.71925442E-03
   6.46005297       6.28964081E-02  -1.29752988E-02
   6.47005320       6.27666563E-02  -1.91870891E-02
   6.48005342       6.25747889E-02  -2.53486335E-02
   6.49005365       6.23213015E-02  -3.14540192E-02
   6.50005388       6.20067604E-02  -3.74974236E-02
   6.51005411       6.16317876E-02  -4.34731171E-02
   6.52005434       6.11970574E-02  -4.93754558E-02
   6.53005457       6.07033037E-02  -5.51989079E-02
   6.54005480       6.01513162E-02  -6.09380454E-02
   6.55005503       5.95419370E-02  -6.65875524E-02
   6.56005526       5.88760599E-02  -7.21422210E-02
   6.57005548       5.81546389E-02  -7.75969699E-02
   6.58005571       5.73786683E-02  -8.29468518E-02
   6.59005594       5.65491989E-02  -8.81870389E-02
   6.60005617       5.56673296E-02  -9.33128372E-02
   6.61005640       5.47342002E-02  -9.83196944E-02
   6.62005663       5.37510030E-02 -0.103203192    
   6.63005686       5.27189709E-02 -0.107959077    
   6.64005709       5.16393818E-02 -0.112583220    
   6.65005732       5.05135506E-02 -0.117071658    
   6.66005754       4.93428335E-02 -0.121420585    
   6.67005777       4.81286272E-02 -0.125626341    
   6.68005800       4.68723625E-02 -0.129685447    
   6.69005823       4.55755070E-02 -0.133594573    
   6.70005846       4.42395620E-02 -0.137350559    
   6.71005869       4.28660549E-02 -0.140950412    
   6.72005892       4.14565504E-02 -0.144391313    
   6.73005915       4.00126390E-02 -0.147670627    
   6.74005938       3.85359339E-02 -0.150785863    
   6.75005960       3.70280743E-02 -0.153734744    
   6.76005983       3.54907252E-02 -0.156515136    
   6.77006006       3.39255743E-02 -0.159125119    
   6.78006029       3.23343240E-02 -0.161562920    
   6.79006052       3.07186954E-02 -0.163826972    
   6.80006075       2.90804263E-02 -0.165915877    
   6.81006098       2.74212677E-02 -0.167828426    
   6.82006121       2.57429834E-02 -0.169563577    
   6.83006144       2.40473486E-02 -0.171120495    
   6.84006166       2.23361440E-02 -0.172498509    
   6.85006189       2.06111595E-02 -0.173697129    
   6.86006212       1.88741889E-02 -0.174716055    
   6.87006235       1.71270277E-02 -0.175555184    
   6.88006258       1.53714763E-02 -0.176214561    
   6.89006281       1.36093311E-02 -0.176694423    
   6.90006304       1.18423868E-02 -0.176995188    
   6.91006327       1.00724353E-02 -0.177117452    
   6.92006350       8.30126088E-03 -0.177061990    
   6.93006372       6.53064111E-03 -0.176829740    
   6.94006395       4.76234360E-03 -0.176421821    
   6.95006418       2.99812527E-03 -0.175839528    
   6.96006441       1.23973005E-03 -0.175084308    
   6.97006464      -5.11112972E-04 -0.174157768    
   6.98006487      -2.25269049E-03 -0.173061714    
   6.99006510      -3.98330763E-03 -0.171798080    
   7.00006533      -5.70128858E-03 -0.170368955    
   7.01006556      -7.40497792E-03 -0.168776616    
   7.02006578      -9.09274444E-03 -0.167023465    
   7.03006601      -1.07629793E-02 -0.165112048    
   7.04006624      -1.24140996E-02 -0.163045079    
   7.05006647      -1.40445502E-02 -0.160825402    
   7.06006670      -1.56528037E-02 -0.158455998    
   7.07006693      -1.72373634E-02 -0.155939981    
   7.08006716      -1.87967625E-02 -0.153280601    
   7.09006739      -2.03295685E-02 -0.150481239    
   7.10006762      -2.18343809E-02 -0.147545397    
   7.11006784      -2.33098343E-02 -0.144476682    
   7.12006807      -2.47546006E-02 -0.141278833    
   7.13006830      -2.61673890E-02 -0.137955695    
   7.14006853      -2.75469460E-02 -0.134511217    
   7.15006876      -2.88920589E-02 -0.130949453    
   7.16006899      -3.02015543E-02 -0.127274543    
   7.17006922      -3.14742997E-02 -0.123490743    
   7.18006945      -3.27092074E-02 -0.119602367    
   7.19006968      -3.39052305E-02 -0.115613833    
   7.20006990      -3.50613669E-02 -0.111529626    
   7.21007013      -3.61766629E-02 -0.107354313    
   7.22007036      -3.72502059E-02 -0.103092521    
   7.23007059      -3.82811315E-02  -9.87489447E-02
   7.24007082      -3.92686203E-02  -9.43283364E-02
   7.25007105      -4.02119048E-02  -8.98355022E-02
   7.26007128      -4.11102585E-02  -8.52752998E-02
   7.27007151      -4.19630110E-02  -8.06526244E-02
   7.28007174      -4.27695364E-02  -7.59724081E-02
   7.29007196      -4.35292609E-02  -7.12396204E-02
   7.30007219      -4.42416556E-02  -6.64592534E-02
   7.31007242      -4.49062474E-02  -6.16363324E-02
   7.32007265      -4.55226116E-02  -5.67758903E-02
   7.33007288      -4.60903719E-02  -5.18829748E-02
   7.34007311      -4.66092005E-02  -4.69626412E-02
   7.35007334      -4.70788255E-02  -4.20199446E-02
   7.36007357      -4.74990234E-02  -3.70599404E-02
   7.37007380      -4.78696227E-02  -3.20876800E-02
   7.38007402      -4.81905006E-02  -2.71081924E-02
   7.39007425      -4.84615825E-02  -2.21264921E-02
   7.40007448      -4.86828461E-02  -1.71475746E-02
   7.41007471      -4.88543212E-02  -1.21764047E-02
   7.42007494      -4.89760861E-02  -7.21791387E-03
   7.43007517      -4.90482636E-02  -2.27699848E-03
   7.44007540      -4.90710326E-02   2.64148973E-03
   7.45007563      -4.90446165E-02   7.53274374E-03
   7.46007586      -4.89692874E-02   1.23920087E-02
   7.47007608      -4.88453656E-02   1.72145851E-02
   7.48007631      -4.86732200E-02   2.19958350E-02
   7.49007654      -4.84532602E-02   2.67311819E-02
   7.50007677      -4.81859483E-02   3.14161219E-02
   7.51007700      -4.78717871E-02   3.60462219E-02
   7.52007723      -4.75113243E-02   4.06171232E-02
   7.53007746      -4.71051522E-02   4.51245531E-02
   7.54007769      -4.66539077E-02   4.95643206E-02
   7.55007792      -4.61582653E-02   5.39323241E-02
   7.56007814      -4.56189439E-02   5.82245588E-02
   7.57007837      -4.50366996E-02   6.24371059E-02
   7.58007860      -4.44123298E-02   6.65661544E-02
   7.59007883      -4.37466688E-02   7.06079900E-02
   7.60007906      -4.30405885E-02   7.45590106E-02
   7.61007929      -4.22949977E-02   7.84157142E-02
   7.62007952      -4.15108390E-02   8.21747184E-02
   7.63007975      -4.06890921E-02   8.58327523E-02
   7.64007998      -3.98307629E-02   8.93866643E-02
   7.65008020      -3.89368981E-02   9.28334221E-02
   7.66008043      -3.80085632E-02   9.61701125E-02
   7.67008066      -3.70468609E-02   9.93939489E-02
   7.68008089      -3.60529199E-02  0.102502272    
   7.69008112      -3.50278988E-02  0.105492547    
   7.70008135      -3.39729749E-02  0.108362384    
   7.71008158      -3.28893512E-02  0.111109510    
   7.72008181      -3.17782573E-02  0.113731787    
   7.73008204      -3.06409393E-02  0.116227224    
   7.74008226      -2.94786673E-02  0.118593954    
   7.75008249      -2.82927286E-02  0.120830253    
   7.76008272      -2.70844270E-02  0.122934543    
   7.77008295      -2.58550812E-02  0.124905378    
   7.78008318      -2.46060267E-02  0.126741454    
   7.79008341      -2.33386122E-02  0.128441602    
   7.80008364      -2.20541954E-02  0.130004808    
   7.81008387      -2.07541473E-02  0.131430194    
   7.82008410      -1.94398463E-02  0.132717028    
   7.83008432      -1.81126762E-02  0.133864716    
   7.84008455      -1.67740285E-02  0.134872794    
   7.85008478      -1.54253002E-02  0.135740966    
   7.86008501      -1.40678901E-02  0.136469051    
   7.87008524      -1.27031999E-02  0.137057021    
   7.88008547      -1.13326292E-02  0.137504995    
   7.89008570      -9.95757896E-03  0.137813225    
   7.90008593      -8.57944693E-03  0.137982100    
   7.91008615      -7.19962595E-03  0.138012156    
   7.92008638      -5.81950415E-03  0.137904048    
   7.93008661      -4.44046361E-03  0.137658581    
   7.94008684      -3.06387781E-03  0.137276679    
   7.95008707      -1.69111101E-03  0.136759400    
   7.96008730      -3.23517015E-04  0.136107951    
   7.97008753       1.03756250E-03  0.135323659    
   7.98008776       2.39079911E-03  0.134407967    
   7.99008799       3.73487873E-03  0.133362442    
   8.00008774       5.06850332E-03  0.132188782    
   8.01008797       6.39039092E-03  0.130888805    
   8.02008820       7.69927911E-03  0.129464433    
   8.03008842       8.99392366E-03  0.127917722    
   8.04008865       1.02731008E-02  0.126250818    
   8.05008888       1.15356091E-02  0.124466002    
   8.06008911       1.27802696E-02  0.122565642    
   8.07008934       1.40059255E-02  0.120552219    
   8.08008957       1.52114481E-02  0.118428312    
   8.09008980       1.63957309E-02  0.116196595    
   8.10009003       1.75576974E-02  0.113859840    
   8.11009026       1.86962951E-02  0.111420915    
   8.12009048       1.98105033E-02  0.108882762    
   8.13009071       2.08993312E-02  0.106248416    
   8.14009094       2.19618157E-02  0.103520989    
   8.15009117       2.29970254E-02  0.100703679    
   8.16009140       2.40040626E-02   9.77997556E-02
   8.17009163       2.49820594E-02   9.48125497E-02
   8.18009186       2.59301849E-02   9.17454660E-02
   8.19009209       2.68476401E-02   8.86019766E-02
   8.20009232       2.77336594E-02   8.53855982E-02
   8.21009254       2.85875145E-02   8.20999220E-02
   8.22009277       2.94085145E-02   7.87485689E-02
   8.23009300       3.01959999E-02   7.53352270E-02
   8.24009323       3.09493523E-02   7.18636140E-02
   8.25009346       3.16679887E-02   6.83375001E-02
   8.26009369       3.23513635E-02   6.47606775E-02
   8.27009392       3.29989716E-02   6.11369759E-02
   8.28009415       3.36103402E-02   5.74702583E-02
   8.29009438       3.41850445E-02   5.37644029E-02
   8.30009460       3.47226895E-02   5.00233136E-02
   8.31009483       3.52229215E-02   4.62509058E-02
   8.32009506       3.56854312E-02   4.24511097E-02
   8.33009529       3.61099429E-02   3.86278592E-02
   8.34009552       3.64962220E-02   3.47850993E-02
   8.35009575       3.68440747E-02   3.09267659E-02
   8.36009598       3.71533409E-02   2.70567983E-02
   8.37009621       3.74239087E-02   2.31791232E-02
   8.38009644       3.76557000E-02   1.92976575E-02
   8.39009666       3.78486775E-02   1.54163018E-02
   8.40009689       3.80028412E-02   1.15389358E-02
   8.41009712       3.81182320E-02   7.66941812E-03
   8.42009735       3.81949246E-02   3.81157873E-03
   8.43009758       3.82330418E-02  -3.07832379E-05
   8.44009781       3.82327326E-02  -3.85390245E-03
   8.45009804       3.81941944E-02  -7.65405223E-03
   8.46009827       3.81176546E-02  -1.14275469E-02
   8.47009850       3.80033776E-02  -1.51707474E-02
   8.48009872       3.78516689E-02  -1.88800599E-02
   8.49009895       3.76628675E-02  -2.25519463E-02
   8.50009918       3.74373496E-02  -2.61829216E-02
   8.51009941       3.71755213E-02  -2.97695585E-02
   8.52009964       3.68778259E-02  -3.33084948E-02
   8.53009987       3.65447402E-02  -3.67964245E-02
   8.54010010       3.61767747E-02  -4.02301177E-02
   8.55010033       3.57744731E-02  -4.36064154E-02
   8.56010056       3.53384092E-02  -4.69222255E-02
   8.57010078       3.48691866E-02  -5.01745343E-02
   8.58010101       3.43674421E-02  -5.33604063E-02
   8.59010124       3.38338390E-02  -5.64769879E-02
   8.60010147       3.32690701E-02  -5.95215112E-02
   8.61010170       3.26738544E-02  -6.24912903E-02
   8.62010193       3.20489407E-02  -6.53837249E-02
   8.63010216       3.13951038E-02  -6.81963190E-02
   8.64010239       3.07131410E-02  -7.09266514E-02
   8.65010262       3.00038736E-02  -7.35724047E-02
   8.66010284       2.92681493E-02  -7.61313587E-02
   8.67010307       2.85068359E-02  -7.86013827E-02
   8.68010330       2.77208220E-02  -8.09804574E-02
   8.69010353       2.69110166E-02  -8.32666606E-02
   8.70010376       2.60783508E-02  -8.54581594E-02
   8.71010399       2.52237692E-02  -8.75532478E-02
   8.72010422       2.43482366E-02  -8.95503014E-02
   8.73010445       2.34527327E-02  -9.14478227E-02
   8.74010468       2.25382540E-02  -9.32444111E-02
   8.75010490       2.16058102E-02  -9.49387699E-02
   8.76010513       2.06564218E-02  -9.65297148E-02
   8.77010536       1.96911246E-02  -9.80161801E-02
   8.78010559       1.87109634E-02  -9.93971974E-02
   8.79010582       1.77169908E-02 -0.100671910    
   8.80010605       1.67102721E-02 -0.101839580    
   8.81010628       1.56918764E-02 -0.102899566    
   8.82010651       1.46628805E-02 -0.103851356    
   8.83010674       1.36243673E-02 -0.104694538    
   8.84010696       1.25774220E-02 -0.105428807    
   8.85010719       1.15231341E-02 -0.106053978    
   8.86010742       1.04625942E-02 -0.106569968    
   8.87010765       9.39689483E-03 -0.106976807    
   8.88010788       8.32712650E-03 -0.107274637    
   8.89010811       7.25438027E-03 -0.107463703    
   8.90010834       6.17974345E-03 -0.107544355    
   8.91010857       5.10429963E-03 -0.107517064    
   8.92010880       4.02912917E-03 -0.107382394    
   8.93010902       2.95530539E-03 -0.107141010    
   8.94010925       1.88389525E-03 -0.106793694    
   8.95010948       8.15958367E-04 -0.106341325    
   8.96010971      -2.47454853E-04 -0.105784871    
   8.97010994      -1.30530354E-03 -0.105125412    
   8.98011017      -2.35655764E-03 -0.104364127    
   8.99011040      -3.40019888E-03 -0.103502288    
   9.00011063      -4.43522166E-03 -0.102541253    
   9.01011086      -5.46063390E-03 -0.101482481    
   9.02011108      -6.47545885E-03 -0.100327522    
   9.03011131      -7.47873401E-03  -9.90780070E-02
   9.04011154      -8.46951455E-03  -9.77356657E-02
   9.05011177      -9.44687147E-03  -9.63023007E-02
   9.06011200      -1.04098944E-02  -9.47797969E-02
   9.07011223      -1.13576921E-02  -9.31701288E-02
   9.08011246      -1.22893937E-02  -9.14753377E-02
   9.09011269      -1.32041471E-02  -8.96975473E-02
   9.10011292      -1.41011225E-02  -8.78389478E-02
   9.11011314      -1.49795115E-02  -8.59018043E-02
   9.12011337      -1.58385299E-02  -8.38884413E-02
   9.13011360      -1.66774150E-02  -8.18012580E-02
   9.14011383      -1.74954273E-02  -7.96427056E-02
   9.15011406      -1.82918534E-02  -7.74153098E-02
   9.16011429      -1.90660059E-02  -7.51216337E-02
   9.17011452      -1.98172219E-02  -7.27643073E-02
   9.18011475      -2.05448642E-02  -7.03459978E-02
   9.19011497      -2.12483238E-02  -6.78694323E-02
   9.20011520      -2.19270177E-02  -6.53373823E-02
   9.21011543      -2.25803908E-02  -6.27526566E-02
   9.22011566      -2.32079178E-02  -6.01181015E-02
   9.23011589      -2.38090996E-02  -5.74366003E-02
   9.24011612      -2.43834648E-02  -5.47110699E-02
   9.25011635      -2.49305759E-02  -5.19444570E-02
   9.26011658      -2.54500210E-02  -4.91397344E-02
   9.27011681      -2.59414185E-02  -4.62998934E-02
   9.28011703      -2.64044181E-02  -4.34279516E-02
   9.29011726      -2.68386975E-02  -4.05269414E-02
   9.30011749      -2.72439662E-02  -3.75999101E-02
   9.31011772      -2.76199654E-02  -3.46499160E-02
   9.32011795      -2.79664639E-02  -3.16800214E-02
   9.33011818      -2.82832645E-02  -2.86932942E-02
   9.34011841      -2.85701975E-02  -2.56928075E-02
   9.35011864      -2.88271252E-02  -2.26816311E-02
   9.36011887      -2.90539414E-02  -1.96628291E-02
   9.37011909      -2.92505696E-02  -1.66394580E-02
   9.38011932      -2.94169635E-02  -1.36145642E-02
   9.39011955      -2.95531098E-02  -1.05911810E-02
   9.40011978      -2.96590216E-02  -7.57232308E-03
   9.41012001      -2.97347456E-02  -4.56098653E-03
   9.42012024      -2.97803562E-02  -1.56014599E-03
   9.43012047      -2.97959577E-02   1.42725045E-03
   9.44012070      -2.97816861E-02   4.39828262E-03
   9.45012093      -2.97377035E-02   7.35006155E-03
   9.46012115      -2.96642035E-02   1.02797318E-02
   9.47012138      -2.95614060E-02   1.31844738E-02
   9.48012161      -2.94295605E-02   1.60615072E-02
   9.49012184      -2.92689446E-02   1.89080946E-02
   9.50012207      -2.90798638E-02   2.17215400E-02
   9.51012230      -2.88626477E-02   2.44991966E-02
   9.52012253      -2.86176559E-02   2.72384658E-02
   9.53012276      -2.83452719E-02   2.99367998E-02
   9.54012299      -2.80459039E-02   3.25917080E-02
   9.55012321      -2.77199876E-02   3.52007486E-02
   9.56012344      -2.73679793E-02   3.77615429E-02
   9.57012367      -2.69903634E-02   4.02717702E-02
   9.58012390      -2.65876465E-02   4.27291766E-02
   9.59012413      -2.61603538E-02   4.51315641E-02
   9.60012436      -2.57090386E-02   4.74768095E-02
   9.61012459      -2.52342708E-02   4.97628525E-02
   9.62012482      -2.47366428E-02   5.19877039E-02
   9.63012505      -2.42167655E-02   5.41494414E-02
   9.64012527      -2.36752704E-02   5.62462211E-02
   9.65012550      -2.31128074E-02   5.82762696E-02
   9.66012573      -2.25300454E-02   6.02378920E-02
   9.67012596      -2.19276659E-02   6.21294677E-02
   9.68012619      -2.13063713E-02   6.39494583E-02
   9.69012642      -2.06668768E-02   6.56963959E-02
   9.70012665      -2.00099126E-02   6.73689023E-02
   9.71012688      -1.93362236E-02   6.89656809E-02
   9.72012711      -1.86465662E-02   7.04855099E-02
   9.73012733      -1.79417115E-02   7.19272569E-02
   9.74012756      -1.72224380E-02   7.32898638E-02
   9.75012779      -1.64895393E-02   7.45723695E-02
   9.76012802      -1.57438163E-02   7.57738873E-02
   9.77012825      -1.49860773E-02   7.68936276E-02
   9.78012848      -1.42171411E-02   7.79308751E-02
   9.79012871      -1.34378327E-02   7.88850039E-02
   9.80012894      -1.26489829E-02   7.97554776E-02
   9.81012917      -1.18514281E-02   8.05418417E-02
   9.82012939      -1.10460101E-02   8.12437311E-02
   9.83012962      -1.02335727E-02   8.18608701E-02
   9.84012985      -9.41496436E-03   8.23930651E-02
   9.85013008      -8.59103352E-03   8.28402042E-02
   9.86013031      -7.76263140E-03   8.32022652E-02
   9.87013054      -6.93060877E-03   8.34793150E-02
   9.88013077      -6.09581545E-03   8.36715028E-02
   9.89013100      -5.25910035E-03   8.37790519E-02
   9.90013123      -4.42131003E-03   8.38022903E-02
   9.91013145      -3.58328712E-03   8.37416053E-02
   9.92013168      -2.74587097E-03   8.35974813E-02
   9.93013191      -1.90989615E-03   8.33704844E-02
   9.94013214      -1.07619131E-03   8.30612481E-02
   9.95013237      -2.45578878E-04   8.26705024E-02
   9.96013260       5.81126136E-04   8.21990371E-02
   9.97013283       1.40311650E-03   8.16477314E-02
   9.98013306       2.21959385E-03   8.10175315E-02
   9.99013329       3.02976929E-03   8.03094655E-02
   10.0001335       3.83286388E-03   7.95246288E-02
