1901	ACTL	36.1	56.8	4.8	64.4	126.7	213.7	294.3	287.9	312.3	62	81.2	0.6	1540.8
1902	ACTL	0	1.2	44.2	103.8	161.6	140.8	347.8	264.8	230.5	32.5	10.4	9.9	1347.6
1903	ACTL	17.5	24.6	37.3	30.6	78.5	201.7	179.6	277.6	300.7	198	8.2	0	1354.2
1904	ACTL	0.1	23.9	35.6	17.5	160.1	286.7	435.3	241.7	142.8	35.1	4	0.1	1383
1905	ACTL	30.9	49.6	84.7	84.9	156.8	70.9	525.5	263.6	287.6	107.3	0	5.2	1666.8
1906	ACTL	46.8	123.6	53.3	1.1	81.3	172	307.1	264.6	193.2	140	12.5	0	1395.5
1907	ACTL	0.7	24.1	94.9	39.7	92.3	347.6	217.5	249.9	232.3	13.3	0	24.7	1337
1908	ACTL	27	5	1.9	5.2	109.9	380.4	383.5	290.4	174.9	21.3	0.2	0	1399.8
1909	ACTL	5.6	6.4	0.6	145.2	97.2	335	232.4	504.3	273	75.3	1.3	21.3	1697.7
1910	ACTL	23	10.8	9.4	48.3	101.7	241.8	319.4	250.9	209.6	170.7	0.2	0	1385.8
1911	ACTL	1.2	2.9	42.8	35.3	110.4	276.6	168.4	261.5	260.2	93.3	12.3	0	1264.8
1912	ACTL	1.8	23.6	71.6	48.9	109.3	199.4	325.3	255	134.3	99.5	78.7	0	1347.3
1913	ACTL	4.1	110.7	35	12.8	157	512	367.7	290.3	186.2	122.6	18.5	9.8	1826.8
1914	ACTL	0	31	21.8	56.4	230.9	192.8	400.8	218.8	186.4	28.5	0	16.4	1383.8
1915	ACTL	6.1	9.1	79.5	26.5	122.5	224.5	228.5	236.7	229.3	88.3	59	0.3	1310.2
1916	ACTL	0.6	2.1	0.5	58.3	42.3	378.5	148.9	320.5	283.8	286.6	78.2	0.1	1600.5
1917	ACTL	0.4	33.6	19.7	29.4	171.4	366.8	321.8	259.9	204.7	358.3	9.7	0	1775.7
1918	ACTL	1.3	0	22.9	81.1	177.8	374.6	194.2	366.8	169.2	4.1	0.3	3	1395.4
1919	ACTL	41.9	19.3	10.5	61.8	125.3	306	299	385.9	148.9	48	35.7	0	1482.2
1920	ACTL	0.4	36.7	152.5	14.6	77	127.8	380.3	294.4	171.2	106.1	2.5	0	1363.5
1921	ACTL	36.5	10.1	13.2	57.4	53.3	238.4	279.6	382.1	177.7	51.9	0	0	1300.2
1922	ACTL	7.4	3.1	1.1	21.9	72.3	553	269.7	400.8	244.3	75.8	4.7	1.4	1655.5
1923	ACTL	0	92.2	8.2	22	71.5	154.3	330.8	405.6	110.1	72.2	16.9	1.2	1285.1
1924	ACTL	8.2	5.3	0.3	38.5	64.9	181.2	308	260.7	254.8	82.1	62.5	0	1266.5
1925	ACTL	10.7	14.8	28.4	78.9	106.2	171.8	305.7	211.2	158.4	184.5	3.1	0	1273.6
1926	ACTL	26.3	9.5	111.3	25.6	85.5	103.7	579.3	431.3	243.7	78.9	0.9	9.1	1705.3
1927	ACTL	31.6	37.4	9.1	22.3	96.6	227.7	317.4	224.6	161.5	58.7	3.7	0	1190.5
1928	ACTL	12.8	3.1	1.6	51.3	110.9	426.9	428.1	325.1	113.3	149.9	1.7	0.1	1625
1929	ACTL	42.8	13.2	38.7	41.8	52.5	208.1	398.6	297.3	168.3	264.6	0	31.3	1557.3
1930	ACTL	1.8	12.1	19.9	18.6	86.3	186.9	410.7	307.3	200.1	41.1	95.1	1.1	1380.8
1931	ACTL	2.2	74.6	27.1	22.7	111.5	157.2	368.4	286.7	197	168.3	59	0.9	1475.7
1932	ACTL	0	12.9	5.1	31.9	196.6	151.1	297.5	259.6	177.7	64.2	110.2	0	1306.8
1933	ACTL	16.3	53.3	3.7	75.6	171.6	326.3	384.9	420.8	266.9	144.8	2.1	0.8	1867.2
1934	ACTL	5.5	19.6	0.6	39.9	58.6	200	209	269.6	197	85	14.8	17.8	1117.4
1935	ACTL	12.1	26.3	30.8	34.6	33.6	163.4	233.1	298.9	171.1	9.6	0	1.6	1015
1936	ACTL	9.8	12.6	20.2	16.4	223.8	299.9	331.4	251.4	253.9	74.7	4	7.4	1505.6
1937	ACTL	0	112.8	8.6	16.8	130.3	300.8	265.6	280.4	295.7	109.2	1.9	0.4	1522.5
1938	ACTL	15.7	33.1	2.8	8.9	234.9	233.7	244.6	310.2	160.8	78.9	14.2	0	1337.8
1939	ACTL	2.4	23.1	10.9	20.2	70.2	250.5	420.2	450.9	207.5	220.6	21.2	0.8	1698.4
1940	ACTL	0.1	30.3	103.9	18.3	98.9	218.1	236.1	384.3	199.6	58.9	7.2	2.8	1358.5
1941	ACTL	29.3	0.4	0.7	27.6	87.5	376.1	404.3	396.5	184.4	219.6	74.3	0.4	1801.1
1942	ACTL	1.2	16.7	14.7	51.9	64.2	144.5	374.9	406.9	384.1	142.6	13.9	0	1615.6
1943	ACTL	39.4	25.7	16.9	85.4	53.6	209.5	418.5	320.5	186.8	90	0	0	1446.2
1944	ACTL	60	24.4	40.1	44.8	36.1	147.5	349.8	477.4	147	79.1	0.1	0	1406.3
1945	ACTL	18	13.6	5	75.7	110.2	196.2	196.3	213.2	198.6	244.2	0.1	0.3	1271.4
1946	ACTL	0	4.2	11.3	131.5	117.6	247.4	297.4	374.2	305.3	196.8	28.3	0.2	1714.1
1947	ACTL	3.4	13.1	43.3	18.4	104	172.7	348.9	292	237.4	95.9	0.5	33.5	1363
1948	ACTL	13.2	44.9	48.4	52.6	135.9	202.3	270.6	325.4	216.6	116.7	113.6	0	1540.1
1949	ACTL	6.8	3	33.5	114.7	188.9	214.5	325	285.5	209.8	110.5	1.3	0	1493.6
1950	ACTL	0	6.5	25.9	14.1	101.2	371.1	338.7	373.3	176.4	93.3	115.2	0	1615.6
1951	ACTL	0	0.4	62.1	13.1	67.4	180.7	253.5	260.3	200.1	140	36	0.4	1214
1952	ACTL	0.3	1.1	23.3	99.7	77	167.4	431	244.7	189.1	159.6	2.5	0	1395.6
1953	ACTL	25.8	14.1	4.8	13.6	61.9	311.1	358.3	343.1	278.5	56	38.6	0	1505.8
1954	ACTL	12.3	5.9	0.3	11.5	88.6	211.1	201.7	215.1	247.1	56.7	1.5	28	1079.9
1955	ACTL	2.9	2.3	11.4	24.3	48	174.7	338.7	251.9	188.1	151.9	73.9	0.1	1268.1
1956	ACTL	4.5	33.9	50.7	25.6	141.6	343.3	253.9	295.4	391.1	157.6	12.7	3.9	1714.2
1957	ACTL	50.2	26.6	8.7	6	16.4	231.8	312.1	201	239.4	38.2	0.1	0	1130.4
1958	ACTL	12.7	25.6	13.3	37.9	58.3	95.2	280.1	215.1	294.7	109.3	8.9	0	1151.1
1959	ACTL	33.5	12.7	17.3	28.2	91.4	208.5	273.3	328.5	487.3	331.2	0.3	0.4	1812.8
1960	ACTL	0.6	1.4	30.9	0.9	122.3	117.5	336.5	317.4	246.3	71.1	0.6	0	1245.5
1961	ACTL	11.1	75.8	6.8	13.6	91.2	275	171.4	252.8	290.9	101	0.8	0.1	1290.4
1962	ACTL	8.8	13.1	6	54.5	80.3	185.6	241.1	209.3	233.6	141	0	0.1	1173.5
1963	ACTL	0.3	2.4	5.7	61.6	103.6	258.8	277.6	167.1	270.9	131.5	9.5	0.5	1289.5
1964	ACTL	2.7	11.1	18	58.3	84.7	136.2	404.2	211.3	219.9	124	8	0	1278.4
1965	ACTL	0.3	33.8	46.5	32.8	45.3	227.6	289.6	287	220.3	80	0.3	0.2	1263.7
1966	ACTL	33.1	4.4	5.1	18.3	43.4	296	168.7	236.6	187.2	84.9	34.7	6.3	1118.6
1967	ACTL	52.5	3.3	44.9	65.3	53	131.6	247.8	368.8	326.2	52.3	1.3	1.4	1348.4
1968	ACTL	5.7	7.6	7.7	12.6	35.4	368.8	418.1	472.2	115.2	115.9	37.8	0.6	1597.6
1969	ACTL	4.7	5.1	20.9	80.2	89	139.8	276.2	418	300.9	45.9	23.2	0.2	1404
1970	ACTL	10.7	15.1	30.8	16.8	63.5	323.2	285	219.8	472.6	195	15.8	0	1648.4
1971	ACTL	30.6	14.2	4.8	174.2	122.1	260.2	472.5	573.4	252.8	163.5	31.4	0	2099.7
1972	ACTL	2.8	43.1	4.1	16.4	25.1	125.9	288.3	543.2	222.5	59.7	2.1	0	1333.2
1973	ACTL	1.3	8.9	67.6	26	134.2	204.2	304.9	335	401.6	206.6	20.9	23.9	1735.1
1974	ACTL	3.6	0	83.1	29.8	94.5	96.4	438.5	317.1	262.7	140.3	4.6	0	1470.6
1975	ACTL	9.9	18.7	10.6	38.1	65.8	156.6	364.9	331.1	286.3	141.6	42.6	0	1466.2
1976	ACTL	0	32.8	20.7	47.5	133	148.9	296.6	279.6	197.5	52.1	31.2	0.6	1240.5
1977	ACTL	11.7	24.2	7.3	89.9	176.4	409.4	450.9	329.4	171.3	86.6	48	35.5	1840.5
1978	ACTL	1.4	21.2	50.5	49.7	116.3	253	274.1	349.1	591.8	148.8	10.3	6.4	1872.4
1979	ACTL	16	27.3	8.4	28	22.3	282.9	296.4	229.6	167	48	11.5	20.4	1157.7
1980	ACTL	15.4	22.6	60.9	21.8	109.9	303.6	403.2	243.3	181	158.6	0	0.4	1520.9
1981	ACTL	13.7	63.9	64.8	110.8	250.9	321.4	417.7	327.6	250	11.6	3.8	72.8	1909
1982	ACTL	2.4	35.8	87.2	70.9	37.1	196	224.5	308.9	101.1	29.2	17.9	0	1110.9
1983	ACTL	9.1	39.2	47	44.2	132.5	188.9	207.6	365.4	247.4	167.6	1.1	13.6	1463.6
1984	ACTL	19.1	2.6	0.6	46.6	82.6	597.1	332.7	442.2	196.3	111.8	0	0	1831.6
1985	ACTL	10.9	22	8.8	24.1	99.5	280.4	286.2	340.6	201.8	137.2	1.8	0	1413.3
1986	ACTL	9.6	6.3	7.1	48.5	146.1	227.9	313.4	181.2	522.2	201.5	106.3	20.6	1790.9
1987	ACTL	1.8	7.1	18.9	76.6	91.7	146.9	427.4	473	262.6	34	43.7	7.7	1591.4
1988	ACTL	1.7	22.9	53.5	45.3	109.3	508.8	299.9	292.6	207.1	100.4	39.5	0.5	1681.5
1989	ACTL	0.4	4.9	6.1	5.4	173.6	318.1	414.5	291.4	284.2	105.5	3.7	18.3	1626.2
1990	ACTL	2.2	61.7	119.3	79.1	149.7	267.1	520.1	236.9	301.7	176	48	3.4	1965.2
1991	ACTL	27.8	11.4	41.6	34.7	66	257.4	382.2	332.7	245.8	125.5	15.5	67.4	1608
1992	ACTL	13.1	48.5	0.1	24.9	124.3	239.5	410.3	251.9	213.3	65.1	4.3	0.2	1395.6
1993	ACTL	0.3	3.8	41.1	79.2	115.7	328.5	280.5	361.9	422.2	93.8	37.9	0	1764.9
1994	ACTL	23.9	48.9	7.3	63.7	97.7	310.1	428.6	294.4	165.6	82.9	9.6	0	1532.6
1995	ACTL	20.1	30.7	8.4	10.1	203.5	185.4	399	411.7	413.4	88.1	161.4	6.2	1938.1
1996	ACTL	11.1	13.1	10.3	39	67.8	336.2	250.2	469.2	143.5	155.9	4.1	0	1500.3
1997	ACTL	18.7	23.6	44.3	101.6	98.2	220	440.2	388.6	246	27.5	29.8	26.1	1664.4
1998	ACTL	52.7	30.4	129	53.1	87.6	154.3	297.3	259.5	295.4	192.3	76.9	0	1628.4
1999	ACTL	0.1	0.7	1.3	10.5	217.7	268.2	404.4	375.7	466.2	194.7	13.4	0	1952.8
2000	ACTL	9.5	58.5	3.6	54	216.5	203.3	342.2	177	428.4	75.9	1.6	0.1	1570.5
2001	ACTL	0.3	1.9	33.8	50.1	175	383	268.5	250.2	204.3	163.5	8.8	0	1539.4
2002	ACTL	26.7	1.6	27.1	76.5	113.6	349.2	282.6	291.8	326.1	73.4	50.8	0.1	1619.5
2003	ACTL	0.4	14.6	70.2	35.4	82.4	274.7	254.5	239.8	156.6	339.4	8.9	17.8	1494.9
2004	ACTL	3.5	1.6	14.5	63.2	72.6	288	250.7	391.9	264.1	221.7	0	0.8	1572.4
2005	ACTL	26.9	11.9	81.4	41.8	82.6	197.2	352.6	228.8	222.2	352.9	0	5	1603.3
2006	ACTL	0.8	3	10.7	60	120.1	218.4	486.6	318.7	379.8	48.8	7.6	0.3	1655
2007	ACTL	4	55.9	38.4	38.4	96.4	231.2	604.4	322.5	457.2	55	24.8	0	1928.2
2008	ACTL	49.8	12.4	11.6	43.5	93.5	410.8	338.4	257.8	265.9	72.8	0	0.1	1556.7
2009	ACTL	2.6	1.4	17.5	2.6	229.2	69	274	333	291.2	76.8	10.1	0.3	1307.7
2010	ACTL	0.3	10.8	7.7	15.2	128.5	189.1	195.4	187.8	193.6	96.9	5.8	29.7	1060.7
2011	ACTL	2.5	2.8	40.9	76.1	133	436.9	220.2	441.4	294.5	36.8	1.3	1.4	1687.7
2012	ACTL	40.3	15	4.3	57.8	44	144.5	307.4	259.6	244.5	61.8	46	24.5	1249.6
2013	ACTL	1.4	11.1	6.8	48.3	210.9	237.1	272.5	400.5	243	330.6	0	0	1762.3
2014	ACTL	0.6	39.4	23	3.9	114.7	155.9	304.6	286.6	220.4	55.3	0.1	1.2	1205.7
2015	ACTL	15.6	5.9	20	104.1	64.7	220.3	609.8	262.9	156.6	28.9	5.4	12	1506.1
2016	ACTL	9.9	38	14.6	5.8	111.9	172.7	334.7	416.7	233.7	69.8	19.2	0	1427
2017	ACTL	1.4	0	35.2	25.8	106.3	193.7	489.3	264.5	191.4	225.2	21.9	14	1568.6
2018	ACTL	0	2.2	4	78.4	87.8	223.4	321.2	234.1	180.6	67.2	2.8	24.3	1226
2019	ACTL	0	90	41.8	61.5	117.9	109.2	214	333.3	295.9	183.8	62.7	10.1	1520.3
2020	ACTL	34.5	4.9	50.1	76.5	247.1	279	277.2	341.3	167	81.3	4.4	0.1	1563.3
2021	ACTL	0.1	0.8	4.8	22.3	257.7	371.7	420.2	263.2	488.9	189.9	25.9	67.3	2112.8
2022	ACTL	25	46	0.7	6.5	141.8	127.6	185.8	325.3	232.3	119.4	0	0.3	1222

